t_ms,state,x_cm,x_filt_cm,theta_deg,theta_cmd_deg,u_step_rate,fault_flags,x_ref_cm,sonar_age_ms,sonar_valid,sonar_miss_count,theta_cmd_unclamped_deg,theta_cmd_clamped_deg,theta_cmd_saturated,act_deg_abs,trim_deg,search_phase,x_linear_cm,x_linear_filt_cm,x_ctrl_cm,x_ctrl_filt_cm,x_feedback_cm,feedback_blend,test_phase
350,SAFE_DISABLED,0.0,0.0,0.0,0.0,0.0,0,0.0,0,0,0,0.0,0.0,0,12.6562,19.248,idle,0.0,0.0,0.0,0.0,0.0,0.0,
450,SAFE_DISABLED,3.6795,3.6795,0.0,0.0,0.0,0,0.0,33,1,0,0.0,0.0,0,12.7441,19.248,idle,3.6795,3.6795,3.6795,3.6795,3.6795,0.4,
550,SAFE_DISABLED,3.6795,3.6795,0.0,0.0,0.0,0,0.0,13,1,0,0.0,0.0,0,12.7441,19.248,idle,3.6795,3.6795,3.6795,3.6795,3.6795,0.4,
650,SAFE_DISABLED,3.6795,3.6795,0.0,0.0,0.0,0,0.0,33,1,0,0.0,0.0,0,12.7441,19.248,idle,3.6795,3.6795,3.6795,3.6795,3.6795,0.4,
750,SAFE_DISABLED,3.6795,3.6795,0.0,0.0,0.0,0,0.0,12,1,0,0.0,0.0,0,12.7441,19.248,idle,3.6795,3.6795,3.6795,3.6795,3.6795,0.4,
850,SAFE_DISABLED,3.6795,3.6795,0.0,0.0,0.0,0,0.0,32,1,0,0.0,0.0,0,12.7441,19.248,idle,3.6795,3.6795,3.6795,3.6795,3.6795,0.4,
950,SAFE_DISABLED,3.6795,3.6795,0.0,0.0,0.0,0,0.0,13,1,0,0.0,0.0,0,12.7441,19.248,idle,3.6795,3.6795,3.6795,3.6795,3.6795,0.4,
1050,SAFE_DISABLED,3.6795,3.6795,0.0,0.0,0.0,0,0.0,34,1,0,0.0,0.0,0,12.7441,19.248,idle,3.6795,3.6795,3.6795,3.6795,3.6795,0.4,
1150,SAFE_DISABLED,3.6795,3.6795,0.0,0.0,0.0,0,0.0,13,1,0,0.0,0.0,0,12.7441,19.248,idle,3.6795,3.6795,3.6795,3.6795,3.6795,0.4,
1250,SAFE_DISABLED,3.6795,3.6795,0.0,0.0,0.0,0,0.0,33,1,0,0.0,0.0,0,12.7441,19.248,idle,3.6795,3.6795,3.6795,3.6795,3.6795,0.4,
1350,SAFE_DISABLED,3.6795,3.6795,0.0,0.0,0.0,0,0.0,1,1,0,0.0,0.0,0,12.7441,19.248,idle,3.6795,3.6795,3.6795,3.6795,3.6795,0.4,
1451,SAFE_DISABLED,3.6795,3.6795,0.0,0.0,0.0,0,0.0,20,1,0,0.0,0.0,0,12.7441,19.248,idle,3.6795,3.6795,3.6795,3.6795,3.6795,0.4,
1551,SAFE_DISABLED,3.6795,3.6795,0.0,0.0,0.0,0,0.0,34,1,0,0.0,0.0,0,12.6562,19.248,idle,3.6795,3.6795,3.6795,3.6795,3.6795,0.4,
1651,SAFE_DISABLED,3.6795,3.6795,0.0,0.0,0.0,0,0.0,14,1,0,0.0,0.0,0,12.7441,19.248,idle,3.6795,3.6795,3.6795,3.6795,3.6795,0.4,
1751,SAFE_DISABLED,3.6795,3.6795,0.0,0.0,0.0,0,0.0,33,1,0,0.0,0.0,0,12.7441,19.248,idle,3.6795,3.6795,3.6795,3.6795,3.6795,0.4,
1851,SAFE_DISABLED,3.6795,3.6795,0.0,0.0,0.0,0,0.0,14,1,0,0.0,0.0,0,12.7441,19.248,idle,3.6795,3.6795,3.6795,3.6795,3.6795,0.4,
1951,SAFE_DISABLED,3.6795,3.6795,0.0,0.0,0.0,0,0.0,34,1,0,0.0,0.0,0,12.7441,19.248,idle,3.6795,3.6795,3.6795,3.6795,3.6795,0.4,
2051,SAFE_DISABLED,3.6795,3.6795,0.0,0.0,0.0,0,0.0,13,1,0,0.0,0.0,0,12.7441,19.248,idle,3.6795,3.6795,3.6795,3.6795,3.6795,0.4,
2151,SAFE_DISABLED,3.6795,3.6795,0.0,0.0,0.0,0,0.0,33,1,0,0.0,0.0,0,12.7441,19.248,idle,3.6795,3.6795,3.6795,3.6795,3.6795,0.4,
2251,SAFE_DISABLED,3.6795,3.6651,0.0,0.0,0.0,0,0.0,13,1,0,0.0,0.0,0,12.7441,19.248,idle,3.6795,3.6651,3.6795,3.6651,3.6651,0.4,
2351,SAFE_DISABLED,3.6795,3.6725,0.0,0.0,0.0,0,0.0,33,1,0,0.0,0.0,0,12.7441,19.248,idle,3.6795,3.6725,3.6795,3.6725,3.6725,0.4,
2451,SAFE_DISABLED,3.6795,3.6771,0.0,0.0,0.0,0,0.0,12,1,0,0.0,0.0,0,12.7441,19.248,idle,3.6795,3.6771,3.6795,3.6771,3.6771,0.4,
2551,SAFE_DISABLED,3.6795,3.6783,0.0,0.0,0.0,0,0.0,33,1,0,0.0,0.0,0,12.7441,19.248,idle,3.6795,3.6783,3.6795,3.6783,3.6783,0.4,
2651,SAFE_DISABLED,3.6795,3.6791,0.0,0.0,0.0,0,0.0,13,1,0,0.0,0.0,0,12.7441,19.248,idle,3.6795,3.6791,3.6795,3.6791,3.6791,0.4,
2751,SAFE_DISABLED,3.6795,3.6793,0.0,0.0,0.0,0,0.0,33,1,0,0.0,0.0,0,12.7441,19.248,idle,3.6795,3.6793,3.6795,3.6793,3.6793,0.4,
2851,SAFE_DISABLED,3.6795,3.6794,0.0,0.0,0.0,0,0.0,34,1,0,0.0,0.0,0,12.7441,19.248,idle,3.6795,3.6794,3.6795,3.6794,3.6794,0.4,
2951,SAFE_DISABLED,3.6795,3.6795,0.0,0.0,0.0,0,0.0,14,1,0,0.0,0.0,0,12.7441,19.248,idle,3.6795,3.6795,3.6795,3.6795,3.6795,0.4,
3051,SAFE_DISABLED,3.6795,3.6795,0.0,0.0,0.0,0,0.0,34,1,0,0.0,0.0,0,12.7441,19.248,idle,3.6795,3.6795,3.6795,3.6795,3.6795,0.4,
3151,SAFE_DISABLED,3.6795,3.6795,0.0,0.0,0.0,0,0.0,13,1,0,0.0,0.0,0,12.7441,19.248,idle,3.6795,3.6795,3.6795,3.6795,3.6795,0.4,
3251,SAFE_DISABLED,3.6795,3.6795,0.0,0.0,0.0,0,0.0,33,1,0,0.0,0.0,0,12.7441,19.248,idle,3.6795,3.6795,3.6795,3.6795,3.6795,0.4,
3351,SAFE_DISABLED,3.6795,3.6795,0.0,0.0,0.0,0,0.0,12,1,0,0.0,0.0,0,12.7441,19.248,idle,3.6795,3.6795,3.6795,3.6795,3.6795,0.4,
3451,SAFE_DISABLED,3.6795,3.6795,0.0,0.0,0.0,0,0.0,33,1,0,0.0,0.0,0,12.6562,19.248,idle,3.6795,3.6795,3.6795,3.6795,3.6795,0.4,
3551,SAFE_DISABLED,3.6795,3.6795,0.0,0.0,0.0,0,0.0,13,1,0,0.0,0.0,0,12.7441,19.248,idle,3.6795,3.6795,3.6795,3.6795,3.6795,0.4,
3651,SAFE_DISABLED,3.6795,3.6795,0.0,0.0,0.0,0,0.0,32,1,0,0.0,0.0,0,12.7441,19.248,idle,3.6795,3.6795,3.6795,3.6795,3.6795,0.4,
3751,SAFE_DISABLED,3.6795,3.6795,0.0,0.0,0.0,0,0.0,34,1,0,0.0,0.0,0,12.7441,19.248,idle,3.6795,3.6795,3.6795,3.6795,3.6795,0.4,
3851,SAFE_DISABLED,3.6795,3.6795,0.0,0.0,0.0,0,0.0,14,1,0,0.0,0.0,0,12.7441,19.248,idle,3.6795,3.6795,3.6795,3.6795,3.6795,0.4,
3951,SAFE_DISABLED,3.6795,3.6795,0.0,0.0,0.0,0,0.0,34,1,0,0.0,0.0,0,12.7441,19.248,idle,3.6795,3.6795,3.6795,3.6795,3.6795,0.4,
4051,SAFE_DISABLED,3.6795,3.6795,0.0,0.0,0.0,0,0.0,13,1,0,0.0,0.0,0,12.7441,19.248,idle,3.6795,3.6795,3.6795,3.6795,3.6795,0.4,
4151,SAFE_DISABLED,3.6795,3.6795,0.0,0.0,0.0,0,0.0,33,1,0,0.0,0.0,0,12.7441,19.248,idle,3.6795,3.6795,3.6795,3.6795,3.6795,0.4,
4251,SAFE_DISABLED,3.6795,3.6795,0.0,0.0,0.0,0,0.0,13,1,0,0.0,0.0,0,12.7441,19.248,idle,3.6795,3.6795,3.6795,3.6795,3.6795,0.4,
95583,READY,-3.1556,-3.1558,0.0,0.0,0.0,0,0.0,12,1,0,0.0,0.0,0,21.8977,19.9377,idle,-3.1556,-3.1558,-3.1556,-3.1558,-3.1558,0.4,
95683,READY,-3.1556,-3.1557,0.0,0.0,0.0,0,0.0,31,1,0,0.0,0.0,0,21.8977,19.9377,idle,-3.1556,-3.1557,-3.1556,-3.1557,-3.1557,0.4,
95783,READY,-3.1556,-3.1556,0.0,0.0,0.0,0,0.0,34,1,0,0.0,0.0,0,21.8977,19.9377,idle,-3.1556,-3.1556,-3.1556,-3.1556,-3.1556,0.4,
95883,READY,-3.1556,-3.1556,0.0,0.0,0.0,0,0.0,14,1,0,0.0,0.0,0,21.8977,19.9377,idle,-3.1556,-3.1556,-3.1556,-3.1556,-3.1556,0.4,
95983,READY,-3.1556,-3.1556,0.0,0.0,0.0,0,0.0,34,1,0,0.0,0.0,0,21.8098,19.9377,idle,-3.1556,-3.1556,-3.1556,-3.1556,-3.1556,0.4,
96083,READY,-3.1556,-3.1556,0.0,0.0,0.0,0,0.0,13,1,0,0.0,0.0,0,21.8098,19.9377,idle,-3.1556,-3.1556,-3.1556,-3.1556,-3.1556,0.4,
96183,READY,-3.1556,-3.1556,0.0,0.0,0.0,0,0.0,32,1,0,0.0,0.0,0,21.8977,19.9377,idle,-3.1556,-3.1556,-3.1556,-3.1556,-3.1556,0.4,
96283,READY,-3.1556,-3.1556,0.0,0.0,0.0,0,0.0,12,1,0,0.0,0.0,0,21.8977,19.9377,idle,-3.1556,-3.1556,-3.1556,-3.1556,-3.1556,0.4,
96384,READY,-3.1556,-3.1556,0.0,0.0,0.0,0,0.0,32,1,0,0.0,0.0,0,21.8977,19.9377,idle,-3.1556,-3.1556,-3.1556,-3.1556,-3.1556,0.4,
96484,READY,-3.1556,-3.1556,0.0,0.0,0.0,0,0.0,12,1,0,0.0,0.0,0,21.8977,19.9377,idle,-3.1556,-3.1556,-3.1556,-3.1556,-3.1556,0.4,
96584,READY,-3.1556,-3.1556,0.0,0.0,0.0,0,0.0,32,1,0,0.0,0.0,0,21.8977,19.9377,idle,-3.1556,-3.1556,-3.1556,-3.1556,-3.1556,0.4,
96684,READY,-3.1556,-3.1556,0.0,0.0,0.0,0,0.0,12,1,0,0.0,0.0,0,21.8977,19.9377,idle,-3.1556,-3.1556,-3.1556,-3.1556,-3.1556,0.4,
96784,READY,-3.1556,-3.1556,0.0,0.0,0.0,0,0.0,32,1,0,0.0,0.0,0,21.8977,19.9377,idle,-3.1556,-3.1556,-3.1556,-3.1556,-3.1556,0.4,
96884,READY,-3.1556,-3.1556,0.0,0.0,0.0,0,0.0,11,1,0,0.0,0.0,0,21.8098,19.9377,idle,-3.1556,-3.1556,-3.1556,-3.1556,-3.1556,0.4,
96984,READY,-3.1556,-3.1556,0.0,0.0,0.0,0,0.0,32,1,0,0.0,0.0,0,21.8977,19.9377,idle,-3.1556,-3.1556,-3.1556,-3.1556,-3.1556,0.4,
97084,READY,-3.1556,-3.1556,0.0,0.0,0.0,0,0.0,34,1,0,0.0,0.0,0,21.8977,19.9377,idle,-3.1556,-3.1556,-3.1556,-3.1556,-3.1556,0.4,
97184,READY,-3.1556,-3.1556,0.0,0.0,0.0,0,0.0,13,1,0,0.0,0.0,0,21.8098,19.9377,idle,-3.1556,-3.1556,-3.1556,-3.1556,-3.1556,0.4,
97285,READY,-3.1556,-3.1556,0.0,0.0,0.0,0,0.0,33,1,0,0.0,0.0,0,21.8098,19.9377,idle,-3.1556,-3.1556,-3.1556,-3.1556,-3.1556,0.4,
97385,READY,-3.1556,-3.1556,0.0,0.0,0.0,0,0.0,11,1,0,0.0,0.0,0,21.8977,19.9377,idle,-3.1556,-3.1556,-3.1556,-3.1556,-3.1556,0.4,
97485,READY,-3.1556,-3.1556,0.0,0.0,0.0,0,0.0,32,1,0,0.0,0.0,0,21.8098,19.9377,idle,-3.1556,-3.1556,-3.1556,-3.1556,-3.1556,0.4,
97585,READY,-3.1556,-3.1556,0.0,0.0,0.0,0,0.0,13,1,0,0.0,0.0,0,21.8977,19.9377,idle,-3.1556,-3.1556,-3.1556,-3.1556,-3.1556,0.4,
97685,READY,-3.1556,-3.1556,0.0,0.0,0.0,0,0.0,33,1,0,0.0,0.0,0,21.8977,19.9377,idle,-3.1556,-3.1556,-3.1556,-3.1556,-3.1556,0.4,
97785,READY,-3.1556,-3.1556,0.0,0.0,0.0,0,0.0,34,1,0,0.0,0.0,0,21.8977,19.9377,idle,-3.1556,-3.1556,-3.1556,-3.1556,-3.1556,0.4,
97885,READY,-3.1556,-3.1556,0.0,0.0,0.0,0,0.0,14,1,0,0.0,0.0,0,21.8977,19.9377,idle,-3.1556,-3.1556,-3.1556,-3.1556,-3.1556,0.4,
97987,READY,-3.1556,-3.1556,0.0,0.0,0.0,0,0.0,1,1,0,0.0,0.0,0,21.8977,19.9377,idle,-3.1556,-3.1556,-3.1556,-3.1556,-3.1556,0.4,
98087,READY,-3.1556,-3.1556,0.0,0.0,0.0,0,0.0,20,1,0,0.0,0.0,0,21.8098,19.9377,idle,-3.1556,-3.1556,-3.1556,-3.1556,-3.1556,0.4,
98187,READY,-3.1556,-3.1556,0.0,0.0,0.0,0,0.0,33,1,0,0.0,0.0,0,21.8977,19.9377,idle,-3.1556,-3.1556,-3.1556,-3.1556,-3.1556,0.4,
98287,READY,-2.744,-2.9457,0.0,0.0,0.0,0,0.0,12,1,0,0.0,0.0,0,21.8098,19.9377,idle,-2.744,-2.9457,-2.744,-2.9457,-2.9457,0.4,
98387,READY,-2.8126,-2.8634,0.0,0.0,0.0,0,0.0,31,1,0,0.0,0.0,0,21.8098,19.9377,idle,-2.8126,-2.8634,-2.8126,-2.8634,-2.8634,0.4,
98487,READY,-2.8126,-2.83,0.0,0.0,0.0,0,0.0,12,1,0,0.0,0.0,0,21.8977,19.9377,idle,-2.8126,-2.83,-2.8126,-2.83,-2.83,0.4,
98587,READY,-3.1556,-2.9961,0.0,0.0,0.0,0,0.0,32,1,0,0.0,0.0,0,21.8098,19.9377,idle,-3.1556,-2.9961,-3.1556,-2.9961,-2.9961,0.4,
98688,READY,-3.1556,-3.1009,0.0,0.0,0.0,0,0.0,12,1,0,0.0,0.0,0,21.8977,19.9377,idle,-3.1556,-3.1009,-3.1556,-3.1009,-3.1009,0.4,
98788,READY,-3.1556,-3.1288,0.0,0.0,0.0,0,0.0,32,1,0,0.0,0.0,0,21.8977,19.9377,idle,-3.1556,-3.1288,-3.1556,-3.1288,-3.1288,0.4,
98888,READY,-3.1556,-3.1464,0.0,0.0,0.0,0,0.0,12,1,0,0.0,0.0,0,21.8098,19.9377,idle,-3.1556,-3.1464,-3.1556,-3.1464,-3.1464,0.4,
98988,READY,-3.1556,-3.1511,0.0,0.0,0.0,0,0.0,31,1,0,0.0,0.0,0,21.8977,19.9377,idle,-3.1556,-3.1511,-3.1556,-3.1511,-3.1511,0.4,
99088,READY,-3.1556,-3.1534,0.0,0.0,0.0,0,0.0,33,1,0,0.0,0.0,0,21.8098,19.9377,idle,-3.1556,-3.1534,-3.1556,-3.1534,-3.1534,0.4,
99188,READY,-3.1556,-3.1548,0.0,0.0,0.0,0,0.0,13,1,0,0.0,0.0,0,21.8977,19.9377,idle,-3.1556,-3.1548,-3.1556,-3.1548,-3.1548,0.4,
99288,READY,-3.1556,-3.1552,0.0,0.0,0.0,0,0.0,32,1,0,0.0,0.0,0,21.8098,19.9377,idle,-3.1556,-3.1552,-3.1556,-3.1552,-3.1552,0.4,
99388,READY,-3.1556,-3.1554,0.0,0.0,0.0,0,0.0,34,1,0,0.0,0.0,0,21.8977,19.9377,idle,-3.1556,-3.1554,-3.1556,-3.1554,-3.1554,0.4,
99488,READY,-3.1556,-3.1555,0.0,0.0,0.0,0,0.0,13,1,0,0.0,0.0,0,21.8098,19.9377,idle,-3.1556,-3.1555,-3.1556,-3.1555,-3.1555,0.4,
99589,READY,-3.1556,-3.1556,0.0,0.0,0.0,0,0.0,33,1,0,0.0,0.0,0,21.8098,19.9377,idle,-3.1556,-3.1556,-3.1556,-3.1556,-3.1556,0.4,
99689,READY,-3.1556,-3.1556,0.0,0.0,0.0,0,0.0,11,1,0,0.0,0.0,0,21.8977,19.9377,idle,-3.1556,-3.1556,-3.1556,-3.1556,-3.1556,0.4,
99789,READY,-3.1556,-3.1556,0.0,0.0,0.0,0,0.0,32,1,0,0.0,0.0,0,21.8098,19.9377,idle,-3.1556,-3.1556,-3.1556,-3.1556,-3.1556,0.4,
99889,READY,-3.1556,-3.1556,0.0,0.0,0.0,0,0.0,13,1,0,0.0,0.0,0,21.8977,19.9377,idle,-3.1556,-3.1556,-3.1556,-3.1556,-3.1556,0.4,
99989,READY,-3.1556,-3.1556,0.0,0.0,0.0,0,0.0,33,1,0,0.0,0.0,0,21.8977,19.9377,idle,-3.1556,-3.1556,-3.1556,-3.1556,-3.1556,0.4,
100089,READY,-3.1556,-3.1556,0.0,0.0,0.0,0,0.0,34,1,0,0.0,0.0,0,21.8977,19.9377,idle,-3.1556,-3.1556,-3.1556,-3.1556,-3.1556,0.4,
100189,READY,-3.1556,-3.1556,0.0,0.0,0.0,0,0.0,14,1,0,0.0,0.0,0,21.8977,19.9377,idle,-3.1556,-3.1556,-3.1556,-3.1556,-3.1556,0.4,
100290,READY,-3.1556,-3.1556,0.0,0.0,0.0,0,0.0,1,1,0,0.0,0.0,0,21.8977,19.9377,idle,-3.1556,-3.1556,-3.1556,-3.1556,-3.1556,0.4,
100390,READY,-3.1556,-3.1556,0.0,0.0,0.0,0,0.0,20,1,0,0.0,0.0,0,21.8977,19.9377,idle,-3.1556,-3.1556,-3.1556,-3.1556,-3.1556,0.4,
100490,READY,-3.1556,-3.1556,0.0,0.0,0.0,0,0.0,34,1,0,0.0,0.0,0,21.8098,19.9377,idle,-3.1556,-3.1556,-3.1556,-3.1556,-3.1556,0.4,
100590,READY,-3.1556,-3.1556,0.0,0.0,0.0,0,0.0,12,1,0,0.0,0.0,0,21.8977,19.9377,idle,-3.1556,-3.1556,-3.1556,-3.1556,-3.1556,0.4,
100690,READY,-3.1556,-3.1556,0.0,0.0,0.0,0,0.0,31,1,0,0.0,0.0,0,21.8098,19.9377,idle,-3.1556,-3.1556,-3.1556,-3.1556,-3.1556,0.4,
100790,READY,-3.1556,-3.1556,0.0,0.0,0.0,0,0.0,34,1,0,0.0,0.0,0,21.8098,19.9377,idle,-3.1556,-3.1556,-3.1556,-3.1556,-3.1556,0.4,
100890,READY,-3.2242,-3.1762,0.0,0.0,0.0,0,0.0,12,1,0,0.0,0.0,0,21.8977,19.9377,idle,-3.2242,-3.1762,-3.2242,-3.1762,-3.1762,0.4,
100990,READY,-3.2242,-3.2007,0.0,0.0,0.0,0,0.0,32,1,0,0.0,0.0,0,21.8098,19.9377,idle,-3.2242,-3.2007,-3.2242,-3.2007,-3.2007,0.4,
101090,READY,-3.2242,-3.2127,0.0,0.0,0.0,0,0.0,34,1,0,0.0,0.0,0,21.8098,19.9377,idle,-3.2242,-3.2127,-3.2242,-3.2127,-3.2127,0.4,
101190,READY,-3.2242,-3.2202,0.0,0.0,0.0,0,0.0,12,1,0,0.0,0.0,0,21.8977,19.9377,idle,-3.2242,-3.2202,-3.2242,-3.2202,-3.2202,0.4,
101291,READY,-3.2242,-3.2223,0.0,0.0,0.0,0,0.0,32,1,0,0.0,0.0,0,21.8977,19.9377,idle,-3.2242,-3.2223,-3.2242,-3.2223,-3.2223,0.4,
101391,READY,-3.1556,-3.2027,0.0,0.0,0.0,0,0.0,34,1,0,0.0,0.0,0,21.8977,19.9377,idle,-3.1556,-3.2027,-3.1556,-3.2027,-3.2027,0.4,
101491,READY,-3.1556,-3.1717,0.0,0.0,0.0,0,0.0,12,1,0,0.0,0.0,0,21.8098,19.9377,idle,-3.1556,-3.1717,-3.1556,-3.1717,-3.1717,0.4,
101591,READY,-3.2242,-3.1985,0.0,0.0,0.0,0,0.0,32,1,0,0.0,0.0,0,21.8977,19.9377,idle,-3.2242,-3.1985,-3.2242,-3.1985,-3.1985,0.4,
101691,READY,-3.1556,-3.1766,0.0,0.0,0.0,0,0.0,34,1,0,0.0,0.0,0,21.8977,19.9377,idle,-3.1556,-3.1766,-3.1556,-3.1766,-3.1766,0.4,
101791,READY,-3.1556,-3.1628,0.0,0.0,0.0,0,0.0,12,1,0,0.0,0.0,0,21.8977,19.9377,idle,-3.1556,-3.1628,-3.1556,-3.1628,-3.1628,0.4,
101891,READY,-3.1556,-3.1591,0.0,0.0,0.0,0,0.0,32,1,0,0.0,0.0,0,21.8098,19.9377,idle,-3.1556,-3.1591,-3.1556,-3.1591,-3.1591,0.4,
101992,RUNNING,-3.1525,-3.1543,3.2625,3.5411,176.43,0,0.0,33,1,0,3.5411,3.5411,0,23.0403,19.9377,idle,-3.1556,-3.1573,-3.1505,-3.1522,-3.1543,0.4,
102093,RUNNING,-3.1523,-3.1529,3.375,3.591,0.0,0,0.0,21,1,0,3.591,3.591,0,23.4797,19.9377,idle,-3.1556,-3.1562,-3.1501,-3.1507,-3.1529,0.4,
102194,RUNNING,-3.1523,-3.1526,3.375,3.6063,120.0,0,0.0,32,1,0,3.6063,3.6063,0,23.4797,19.9377,idle,-3.1556,-3.1559,-3.1501,-3.1504,-3.1526,0.4,
102294,RUNNING,-3.1516,-3.1517,3.7125,3.6255,0.0,0,0.0,11,1,0,3.6255,3.6255,0,23.7434,19.9377,idle,-3.1556,-3.1557,-3.149,-3.1491,-3.1517,0.4,
102394,RUNNING,-3.1516,-3.1517,3.7125,3.6478,0.0,0,0.0,32,1,0,3.6478,3.6478,0,23.6555,19.9377,idle,-3.1556,-3.1557,-3.149,-3.149,-3.1517,0.4,
102494,RUNNING,-3.1516,-3.1517,3.7125,3.669,0.0,0,0.0,32,1,0,3.669,3.669,0,23.7434,19.9377,idle,-3.1556,-3.1556,-3.149,-3.149,-3.1517,0.4,
102595,RUNNING,-2.7413,-3.0148,3.2625,3.5465,0.0,0,0.0,33,1,0,3.5465,3.5465,0,23.4797,19.9377,idle,-2.744,-3.0177,-2.7396,-3.0128,-3.0148,0.4,
102696,RUNNING,-3.0829,-3.0088,3.825,3.5215,120.0,0,0.0,21,1,0,3.5215,3.5215,0,23.5676,19.9377,idle,-3.087,-3.0128,-3.0801,-3.0061,-3.0088,0.4,
102798,RUNNING,-3.0829,-3.0466,3.825,3.6184,0.0,0,0.0,32,1,0,3.6184,3.6184,0,23.8313,19.9377,idle,-3.087,-3.0507,-3.0801,-3.0439,-3.0466,0.4,
102898,RUNNING,-2.7411,-2.8913,3.375,3.4679,0.0,0,0.0,33,1,0,3.4679,3.4679,0,23.6555,19.9377,idle,-2.744,-2.8943,-2.7392,-2.8892,-2.8913,0.4,
103001,RUNNING,-2.7429,-2.7699,2.1375,3.3397,120.0,0,0.0,21,1,0,3.3397,3.3397,0,22.2493,19.9377,idle,-2.744,-2.7711,-2.7421,-2.7691,-2.7699,0.4,
103101,RUNNING,-3.1521,-2.8775,3.4875,3.4696,0.0,0,0.0,31,1,0,3.4696,3.4696,0,23.304,19.9377,idle,-3.1556,-2.8807,-3.1498,-2.8754,-2.8775,0.4,
103201,RUNNING,-3.1511,-3.0166,3.9375,3.6443,0.0,0,0.0,32,1,0,3.6443,3.6443,0,23.7434,19.9377,idle,-3.1556,-3.0209,-3.1482,-3.0138,-3.0166,0.4,
103303,RUNNING,-1.9197,-2.4178,2.475,-2.3914,-280.61,0,0.0,12,1,0,-2.3914,-2.3914,0,22.7766,19.9377,idle,-1.9208,-2.4192,-1.919,-2.4169,-2.4178,0.4,
103404,RUNNING,-1.9208,-2.165,0.0,2.7323,-44.95,0,0.0,31,1,0,2.7323,2.7323,0,20.2278,19.9377,idle,-1.9208,-2.165,-1.9208,-2.165,-2.165,0.4,
103505,RUNNING,-0.5487,-1.6285,1.575,2.1365,244.73,0,0.0,31,1,0,2.1365,2.1365,0,21.2825,19.9377,idle,-0.5488,-1.6289,-0.5486,-1.6282,-1.6285,0.4,
103607,RUNNING,0.2057,-0.693,1.9125,1.0987,-294.63,0,0.0,31,1,0,1.0987,1.0987,0,22.2493,19.9377,idle,0.2058,-0.6932,0.2057,-0.6928,-0.693,0.4,
103708,RUNNING,0.7545,-0.0701,-0.9,0.397,-174.63,0,0.0,32,1,0,0.397,0.397,0,19.4368,19.9377,idle,0.7546,-0.0701,0.7545,-0.0701,-0.0701,0.4,
103811,RUNNING,1.0786,0.5158,-2.475,-0.2616,-54.63,0,0.0,32,1,0,-0.2616,-0.2616,0,17.679,19.9377,idle,1.0792,0.5161,1.0782,0.5156,0.5158,0.4,
103912,RUNNING,1.0777,0.8848,-3.9375,-0.6828,96.31,0,0.0,22,1,0,-0.6828,-0.6828,0,16.0969,19.9377,idle,1.0792,0.886,1.0767,0.884,0.8848,0.4,
104012,RUNNING,0.7546,0.819,-0.675,-0.6201,299.57,0,0.0,32,1,0,-0.6201,-0.6201,0,18.9094,19.9377,idle,0.7546,0.819,0.7545,0.8189,0.819,0.4,
104114,RUNNING,0.7546,0.7861,0.3375,-0.5853,-300.43,0,0.0,31,1,0,-0.5853,-0.5853,0,20.5793,19.9377,idle,0.7546,0.7862,0.7546,0.7861,0.7861,0.4,
104215,RUNNING,1.1655,0.9794,-2.475,-0.8018,-180.43,0,0.0,31,1,0,-0.8018,-0.8018,0,17.7668,19.9377,idle,1.1662,0.98,1.1651,0.9791,0.9794,0.4,
104316,RUNNING,1.5083,1.1771,-2.5875,-1.0396,179.57,0,0.0,31,1,0,-1.0396,-1.0396,0,17.2395,19.9377,idle,1.5092,1.1778,1.5077,1.1766,1.1771,0.4,
104418,RUNNING,1.7833,1.5352,-1.35,-4.1414,-120.0,0,0.0,12,1,0,-4.1414,-4.1414,0,18.5579,19.9377,idle,1.7836,1.5355,1.7831,1.5351,1.5352,0.4,
104518,RUNNING,3.753,2.2524,-2.1375,-2.2648,0.0,0,0.0,31,1,0,-2.2648,-2.2648,0,18.0305,19.9377,idle,3.7546,2.2533,3.752,2.2518,2.2524,0.4,
104619,RUNNING,3.7502,3.0154,-3.6,-3.1112,-210.96,0,0.0,31,1,0,-3.1112,-3.1112,0,16.7122,19.9377,idle,3.7546,3.019,3.7472,3.013,3.0154,0.4,
104720,RUNNING,4.1551,3.5945,-5.4,-3.7913,-90.96,0,0.0,32,1,0,-3.7913,-3.7913,0,14.7786,19.9377,idle,4.1662,3.6041,4.1477,3.5881,3.5945,0.4,
104821,RUNNING,4.2389,3.9075,-6.075,-4.1742,29.04,0,0.0,32,1,0,-4.1742,-4.1742,0,13.8997,19.9377,idle,4.2532,3.9207,4.2293,3.8987,3.9075,0.4,
104924,RUNNING,4.2428,4.0803,-5.175,-4.4311,149.04,0,0.0,32,1,0,-4.4311,-4.4311,0,14.6028,19.9377,idle,4.2532,4.0903,4.2359,4.0736,4.0803,0.4,
105025,RUNNING,4.2437,4.3769,-4.95,-3.3383,120.0,0,0.0,11,1,0,-3.3383,-3.3383,0,14.9543,19.9377,idle,4.2532,4.3867,4.2373,4.3703,4.3769,0.4,
105125,RUNNING,5.4752,4.8649,-5.0625,-5.3385,-171.58,0,0.0,30,1,0,-5.3385,-5.3385,0,15.0422,19.9377,idle,5.488,4.8763,5.4666,4.8573,4.8649,0.4,
105227,RUNNING,5.125,4.9939,-6.525,-5.4924,-51.58,0,0.0,32,1,0,-5.4924,-5.4924,0,13.5481,19.9377,idle,5.145,5.0133,5.1117,4.9809,4.9939,0.4,
105329,RUNNING,5.1319,5.0005,-5.2875,-5.6407,30.45,0,0.0,134,1,2,-5.6407,-5.6407,0,14.2512,19.9377,idle,5.145,5.0133,5.1231,4.992,5.0005,0.4,
105432,RUNNING,5.1313,5.0,-5.4,-5.6164,0.0,0,0.0,236,1,4,-5.6164,-5.6164,0,14.5149,19.9377,idle,5.145,5.0133,5.1222,4.9911,5.0,0.4,
105532,RUNNING,5.1301,4.9989,-5.625,-5.6421,0.0,0,0.0,336,0,7,-5.6421,-5.6421,0,14.2512,19.9377,idle,5.145,5.0133,5.1202,4.9892,4.9989,0.4,
105632,RUNNING,4.9933,4.996,-5.625,-5.6298,0.0,0,0.0,11,1,0,-5.6298,-5.6298,0,14.2512,19.9377,idle,5.0078,5.0105,4.9837,4.9864,4.996,0.4,
105734,RUNNING,4.9933,4.996,-5.625,-5.6929,0.0,0,0.0,113,1,2,-5.6929,-5.6929,0,14.2512,19.9377,idle,5.0078,5.0105,4.9837,4.9864,4.996,0.4,
105834,RUNNING,4.9933,4.996,-5.625,-5.7267,0.0,0,0.0,213,1,4,-5.7267,-5.7267,0,14.2512,19.9377,idle,5.0078,5.0105,4.9837,4.9864,4.996,0.4,
105934,RUNNING,4.9933,4.996,-5.625,-5.7536,0.0,0,0.0,313,0,7,-5.7536,-5.7536,0,14.2512,19.9377,idle,5.0078,5.0105,4.9837,4.9864,4.996,0.4,
106034,RUNNING,4.9933,4.996,-5.625,-5.7536,0.0,0,0.0,414,0,9,-5.7536,-5.7536,0,14.2512,19.9377,idle,5.0078,5.0105,4.9837,4.9864,4.996,0.4,
106134,RUNNING,4.9933,4.996,-5.625,-5.7536,0.0,0,0.0,514,0,12,-5.7536,-5.7536,0,14.2512,19.9377,idle,5.0078,5.0105,4.9837,4.9864,4.996,0.4,
106234,RUNNING,4.9933,4.996,-5.625,-5.7536,0.0,0,0.0,614,0,12,-5.7536,-5.7536,0,14.2512,19.9377,idle,5.0078,5.0105,4.9837,4.9864,4.996,0.4,
106334,RUNNING,2.535,3.3388,-3.7125,4.7742,336.97,0,0.0,13,1,0,4.7742,4.7742,0,15.9211,19.9377,idle,2.5382,3.343,2.5329,3.336,3.3388,0.4,
106435,RUNNING,2.5382,2.9613,-0.45,-3.5188,216.97,0,0.0,32,1,0,-3.5188,-3.5188,0,19.261,19.9377,idle,2.5382,2.9614,2.5381,2.9613,2.9613,0.4,
106536,RUNNING,2.5382,2.7743,-0.45,-3.3192,-383.03,0,0.0,30,1,0,-3.3192,-3.3192,0,19.8762,19.9377,idle,2.5382,2.7744,2.5381,2.7743,2.7743,0.4,
106638,RUNNING,2.5352,2.6076,-3.6,-3.1411,-5.69,0,0.0,52,1,0,-3.1411,-3.1411,0,16.5364,19.9377,idle,2.5382,2.6107,2.5332,2.6055,2.6076,0.4,
106739,RUNNING,2.5361,2.6085,-3.0375,-3.1651,0.0,0,0.0,153,1,3,-3.1651,-3.1651,0,16.8879,19.9377,idle,2.5382,2.6107,2.5346,2.607,2.6085,0.4,
106841,RUNNING,2.5361,2.6085,-3.0375,-3.1867,0.0,0,0.0,254,1,5,-3.1867,-3.1867,0,16.8879,19.9377,idle,2.5382,2.6107,2.5346,2.607,2.6085,0.4,
106941,RUNNING,2.5361,2.6085,-3.0375,-3.1973,0.0,0,0.0,354,0,7,-3.1973,-3.1973,0,16.8879,19.9377,idle,2.5382,2.6107,2.5346,2.607,2.6085,0.4,
107041,RUNNING,2.5361,2.6085,-3.0375,-3.1973,0.0,0,0.0,454,0,10,-3.1973,-3.1973,0,16.8879,19.9377,idle,2.5382,2.6107,2.5346,2.607,2.6085,0.4,
107141,RUNNING,2.5361,2.6085,-3.0375,-3.1973,0.0,0,0.0,555,0,12,-3.1973,-3.1973,0,16.8879,19.9377,idle,2.5382,2.6107,2.5346,2.607,2.6085,0.4,
107241,RUNNING,1.2339,2.1963,-2.8125,-2.7462,0.0,0,0.0,33,1,0,-2.7462,-2.7462,0,16.8879,19.9377,idle,1.2348,2.1979,1.2333,2.1953,2.1963,0.4,
107341,RUNNING,1.6798,1.8147,-2.3625,-0.8602,120.0,0,0.0,12,1,0,-0.8602,-0.8602,0,17.4153,19.9377,idle,1.6807,1.8156,1.6793,1.8141,1.8147,0.4,
107442,RUNNING,1.6803,1.7536,-1.575,-2.2694,0.0,0,0.0,31,1,0,-2.2694,-2.2694,0,18.1184,19.9377,idle,1.6807,1.754,1.6801,1.7533,1.7536,0.4,
107542,RUNNING,1.6457,1.6984,-2.1375,-2.214,0.0,0,0.0,32,1,0,-2.214,-2.214,0,17.7668,19.9377,idle,1.6464,1.6991,1.6453,1.6979,1.6984,0.4,
107642,RUNNING,1.6458,1.6827,-2.025,-2.2061,0.0,0,0.0,72,1,1,-2.2061,-2.2061,0,18.0305,19.9377,idle,1.6464,1.6833,1.6454,1.6823,1.6827,0.4,
107743,RUNNING,1.6458,1.6827,-2.025,-2.2208,0.0,0,0.0,173,1,3,-2.2208,-2.2208,0,17.8547,19.9377,idle,1.6464,1.6833,1.6454,1.6823,1.6827,0.4,
107843,RUNNING,1.6458,1.6827,-2.025,-2.2322,0.0,0,0.0,273,1,6,-2.2322,-2.2322,0,17.8547,19.9377,idle,1.6464,1.6833,1.6454,1.6823,1.6827,0.4,
107943,RUNNING,-0.0,1.1779,-2.025,11.1097,120.0,0,0.0,13,1,0,11.1097,11.1097,0,17.8547,19.9377,idle,-0.0,1.1783,-0.0,1.1776,1.1779,0.4,
108044,RUNNING,-0.0,0.2931,-0.225,-0.6768,240.0,0,0.0,31,1,0,-0.6768,-0.6768,0,19.4368,19.9377,idle,-0.0,0.2931,-0.0,0.2931,0.2931,0.4,
108145,RUNNING,-0.0,0.3165,0.5625,-0.7051,-120.0,0,0.0,32,1,0,-0.7051,-0.7051,0,20.4915,19.9377,idle,-0.0,0.3165,-0.0,0.3165,0.3165,0.4,
108246,RUNNING,1.6456,0.8215,-2.3625,-1.2712,-240.0,0,0.0,31,1,0,-1.2712,-1.2712,0,18.0305,19.9377,idle,1.6464,0.8219,1.645,0.8212,0.8215,0.4,
108347,RUNNING,1.713,1.2717,-3.6,-6.5752,-120.0,0,0.0,12,1,0,-6.5752,-6.5752,0,16.3606,19.9377,idle,1.715,1.2732,1.7116,1.2707,1.2717,0.4,
108447,RUNNING,1.7803,1.5307,-4.5,-2.0846,0.0,0,0.0,31,1,0,-2.0846,-2.0846,0,15.6575,19.9377,idle,1.7836,1.5335,1.7781,1.5288,1.5307,0.4,
108550,RUNNING,2.1919,2.134,-4.05,-3.415,120.0,0,0.0,1,1,0,-3.415,-3.415,0,15.8333,19.9377,idle,2.1952,2.1373,2.1897,2.1319,2.134,0.4,
108650,RUNNING,3.701,2.786,-3.15,-3.5244,-199.83,0,0.0,22,1,0,-3.5244,-3.5244,0,16.8879,19.9377,idle,3.7044,2.7886,3.6988,2.7844,2.786,0.4,
108751,RUNNING,4.1068,3.4578,-4.95,-4.2766,-79.83,0,0.0,32,1,0,-4.2766,-4.2766,0,15.3059,19.9377,idle,4.116,3.4656,4.1006,3.4526,3.4578,0.4,
108853,RUNNING,4.6529,4.0629,-5.2875,-5.0062,40.17,0,0.0,32,1,0,-5.0062,-5.0062,0,14.6907,19.9377,idle,4.6648,4.0733,4.6449,4.056,4.0629,0.4,
108955,RUNNING,4.6513,4.3623,-5.625,-5.3578,0.0,0,0.0,33,1,0,-5.3578,-5.3578,0,14.427,19.9377,idle,4.6648,4.375,4.6423,4.3539,4.3623,0.4,
109056,RUNNING,4.9909,4.7243,-6.075,-8.7129,-120.0,0,0.0,12,1,0,-8.7129,-8.7129,0,13.636,19.9377,idle,5.0078,4.7403,4.9797,4.7137,4.7243,0.4,
109156,RUNNING,4.989,4.8025,-6.4125,-5.9738,216.32,0,0.0,71,1,1,-5.9738,-5.9738,0,13.1965,19.9377,idle,5.0078,4.8206,4.9765,4.7904,4.8025,0.4,
109257,RUNNING,4.9915,4.8049,-5.9625,-5.947,0.0,0,0.0,172,1,3,-5.947,-5.947,0,13.8997,19.9377,idle,5.0078,4.8206,4.9807,4.7945,4.8049,0.4,
109360,RUNNING,5.8075,5.2227,-6.6375,-12.79,-240.0,0,0.0,1,1,0,-12.79,-12.79,0,13.1965,19.9377,idle,5.831,5.2438,5.7919,5.2087,5.2227,0.4,
109461,RUNNING,5.823,5.5207,-8.8875,-6.7275,-120.0,0,0.0,23,1,0,-6.7275,-6.7275,0,11.175,19.9377,idle,5.8653,5.5608,5.7949,5.494,5.5207,0.4,
109562,RUNNING,5.7961,5.6645,-8.1,-7.1245,240.0,0,0.0,32,1,0,-7.1245,-7.1245,0,11.3508,19.9377,idle,5.831,5.6986,5.7728,5.6417,5.6645,0.4,
109664,RUNNING,5.8051,5.7405,-6.975,-7.1342,-10.47,0,0.0,32,1,0,-7.1342,-7.1342,0,12.845,19.9377,idle,5.831,5.7661,5.7878,5.7234,5.7405,0.4,
109766,RUNNING,5.8008,5.7691,-7.5375,-7.2017,0.0,0,0.0,33,1,0,-7.2017,-7.2017,0,12.4055,19.9377,idle,5.831,5.7992,5.7806,5.7491,5.7691,0.4,
109867,RUNNING,5.4612,5.6893,-7.3125,-4.7212,120.0,0,0.0,12,1,0,-4.7212,-4.7212,0,12.3176,19.9377,idle,5.488,5.7172,5.4434,5.6707,5.6893,0.4,
109967,RUNNING,4.9883,5.4207,-6.525,-6.9682,0.0,0,0.0,31,1,0,-6.9682,-6.9682,0,12.845,19.9377,idle,5.0078,5.4418,4.9754,5.4066,5.4207,0.4,
110067,RUNNING,3.8291,4.6107,-5.9625,-6.1276,120.0,0,0.0,32,1,0,-6.1276,-6.1276,0,13.2844,19.9377,idle,3.8416,4.6257,3.8208,4.6007,4.6107,0.4,
110171,RUNNING,3.8362,4.1047,-3.9375,-2.6257,240.0,0,0.0,12,1,0,-2.6257,-2.6257,0,15.4817,19.9377,idle,3.8416,4.1105,3.8325,4.1008,4.1047,0.4,
110272,RUNNING,3.8362,3.9678,-3.9375,-5.3474,-360.0,0,0.0,31,1,0,-5.3474,-5.3474,0,16.0969,19.9377,idle,3.8416,3.9734,3.8325,3.964,3.9678,0.4,
110373,RUNNING,3.8309,3.8953,-5.5125,-5.353,0.0,0,0.0,32,1,0,-5.353,-5.353,0,13.8997,19.9377,idle,3.8416,3.9062,3.8238,3.8881,3.8953,0.4,
110474,RUNNING,3.6957,3.7944,-5.0625,-5.2629,0.0,0,0.0,32,1,0,-5.2629,-5.2629,0,14.3391,19.9377,idle,3.7044,3.8033,3.6899,3.7884,3.7944,0.4,
110574,RUNNING,3.6968,3.7452,-4.725,-5.2125,-120.0,0,0.0,32,1,0,-5.2125,-5.2125,0,14.6907,19.9377,idle,3.7044,3.7528,3.6918,3.7401,3.7452,0.4,
110674,RUNNING,3.6945,3.7284,-5.4,-5.2187,0.0,0,0.0,71,1,1,-5.2187,-5.2187,0,13.8997,19.9377,idle,3.7044,3.7383,3.688,3.7217,3.7284,0.4,
110774,RUNNING,3.6945,3.7284,-5.4,-5.2439,0.0,0,0.0,171,1,3,-5.2439,-5.2439,0,13.8997,19.9377,idle,3.7044,3.7383,3.688,3.7217,3.7284,0.4,
110875,RUNNING,3.6945,3.7284,-5.4,-5.2691,0.0,0,0.0,272,1,5,-5.2691,-5.2691,0,13.9875,19.9377,idle,3.7044,3.7383,3.688,3.7217,3.7284,0.4,
110976,RUNNING,2.2327,3.2797,-5.4,6.5735,120.0,0,0.0,14,1,0,6.5735,6.5735,0,13.9875,19.9377,idle,2.2387,3.2884,2.2288,3.2738,3.2797,0.4,
111076,RUNNING,1.62,2.4363,-2.925,-3.8784,198.09,0,0.0,31,1,0,-3.8784,-3.8784,0,16.1848,19.9377,idle,1.6213,2.4382,1.6192,2.435,2.4363,0.4,
111177,RUNNING,0.7043,1.5086,-1.125,-2.8265,78.09,0,0.0,32,1,0,-2.8265,-2.8265,0,18.0305,19.9377,idle,0.7044,1.5088,0.7043,1.5085,1.5086,0.4,
111280,RUNNING,0.7044,1.1974,-0.7875,-2.4817,-41.91,0,0.0,31,1,0,-2.4817,-2.4817,0,18.6458,19.9377,idle,0.7044,1.1975,0.7043,1.1974,1.1974,0.4,
111381,RUNNING,0.4894,0.6871,-0.7875,0.2323,78.09,0,0.0,10,1,0,0.2323,0.2323,0,18.8215,19.9377,idle,0.4894,0.6871,0.4894,0.6871,0.6871,0.4,
111481,RUNNING,0.8913,0.7517,-2.475,-1.984,-281.91,0,0.0,31,1,0,-1.984,-1.984,0,17.4153,19.9377,idle,0.8918,0.7522,0.891,0.7514,0.7517,0.4,
111583,RUNNING,-0.1371,0.3847,-3.15,-1.5838,318.09,0,0.0,31,1,0,-1.5838,-1.5838,0,16.009,19.9377,idle,-0.1372,0.385,-0.137,0.3844,0.3847,0.4,
111684,RUNNING,-0.9603,-0.1283,0.7875,-1.005,308.09,0,0.0,31,1,0,-1.005,-1.005,0,19.8762,19.9377,idle,-0.9604,-0.1283,-0.9603,-0.1283,-0.1283,0.4,
111785,RUNNING,-0.8223,-0.511,3.375,-0.5735,-51.91,0,0.0,30,1,0,-0.5735,-0.5735,0,22.7766,19.9377,idle,-0.8232,-0.5115,-0.8218,-0.5106,-0.511,0.4,
111887,RUNNING,0.2744,-0.1971,0.225,-0.9217,-411.91,0,0.0,31,1,0,-0.9217,-0.9217,0,20.3157,19.9377,idle,0.2744,-0.1971,0.2744,-0.1971,-0.1971,0.4,
111988,RUNNING,0.2741,0.0433,-3.6,-1.1923,-145.32,0,0.0,32,1,0,-1.1923,-1.1923,0,16.1848,19.9377,idle,0.2744,0.0434,0.2739,0.0433,0.0433,0.4,
112091,RUNNING,0.2742,0.1611,-2.8125,-1.3278,397.95,0,0.0,32,1,0,-1.3278,-1.3278,0,16.2727,19.9377,idle,0.2744,0.1612,0.2741,0.161,0.1611,0.4,
112192,RUNNING,0.7546,0.3796,-0.7875,-5.6409,-202.05,0,0.0,10,1,0,-5.6409,-5.6409,0,18.8215,19.9377,idle,0.7546,0.3796,0.7545,0.3796,0.3796,0.4,
112293,RUNNING,0.7538,0.5702,-3.4875,-1.7857,-189.21,0,0.0,30,1,0,-1.7857,-1.7857,0,16.3606,19.9377,idle,0.7546,0.5709,0.7532,0.5698,0.5702,0.4,
112395,RUNNING,-0.0,0.3658,-3.15,-1.5678,410.79,0,0.0,31,1,0,-1.5678,-1.5678,0,16.009,19.9377,idle,-0.0,0.3662,-0.0,0.3656,0.3658,0.4,
112497,RUNNING,-0.0686,0.1588,0.9,-1.3329,210.1,0,0.0,32,1,0,-1.3329,-1.3329,0,19.9641,19.9377,idle,-0.0686,0.1588,-0.0686,0.1588,0.1588,0.4,
112600,RUNNING,-0.1372,0.07,0.675,-1.234,-389.9,0,0.0,80,1,1,-1.234,-1.234,0,20.5793,19.9377,idle,-0.1372,0.07,-0.1372,0.07,0.07,0.4,
112701,RUNNING,-0.1372,0.07,-1.575,-1.2343,151.94,0,0.0,182,1,4,-1.2343,-1.2343,0,17.8547,19.9377,idle,-0.1372,0.07,-0.1372,0.07,0.07,0.4,
112802,RUNNING,-1.2348,-0.5954,-0.3375,-0.4828,31.94,0,0.0,32,1,0,-0.4828,-0.4828,0,18.9973,19.9377,idle,-1.2348,-0.5954,-1.2348,-0.5954,-0.5954,0.4,
112904,RUNNING,-2.401,-1.1371,0.225,0.133,41.51,0,0.0,72,1,1,0.133,0.133,0,19.5247,19.9377,idle,-2.401,-1.1371,-2.401,-1.1371,-1.1371,0.4,
113006,RUNNING,-2.401,-1.1371,0.3375,0.1407,0.0,0,0.0,174,1,3,0.1407,0.1407,0,19.8762,19.9377,idle,-2.401,-1.1371,-2.401,-1.1371,-1.1371,0.4,
113106,RUNNING,-1.6464,-1.26,0.1125,4.4786,120.0,0,0.0,13,1,0,4.4786,4.4786,0,19.7004,19.9377,idle,-1.6464,-1.26,-1.6464,-1.26,-1.26,0.4,
113207,RUNNING,-0.343,-0.9292,0.0,-0.0779,0.0,0,0.0,32,1,0,-0.0779,-0.0779,0,19.7004,19.9377,idle,-0.343,-0.9292,-0.343,-0.9292,-0.9292,0.4,
113307,RUNNING,-0.1372,-0.6916,-0.3375,-0.3404,0.0,0,0.0,73,1,1,-0.3404,-0.3404,0,19.261,19.9377,idle,-0.1372,-0.6916,-0.1372,-0.6916,-0.6916,0.4,
113408,RUNNING,-0.1372,-0.6916,-0.3375,-0.3357,0.0,0,0.0,173,1,3,-0.3357,-0.3357,0,19.261,19.9377,idle,-0.1372,-0.6916,-0.1372,-0.6916,-0.6916,0.4,
113508,RUNNING,-0.1372,-0.344,-0.5625,-2.9668,-120.0,0,0.0,11,1,0,-2.9668,-2.9668,0,18.9973,19.9377,idle,-0.1372,-0.344,-0.1372,-0.344,-0.344,0.4,
113608,RUNNING,0.8916,0.1998,-1.35,-1.3345,0.0,0,0.0,31,1,0,-1.3345,-1.3345,0,18.3821,19.9377,idle,0.8918,0.1998,0.8916,0.1998,0.1998,0.4,
113710,RUNNING,1.1659,0.6925,-1.8,-1.8913,0.0,0,0.0,32,1,0,-1.8913,-1.8913,0,17.8547,19.9377,idle,1.1662,0.6927,1.1656,0.6923,0.6925,0.4,
113810,RUNNING,1.7132,1.2248,-3.375,-2.4905,-120.0,0,0.0,21,1,0,-2.4905,-2.4905,0,16.4485,19.9377,idle,1.715,1.226,1.712,1.2239,1.2248,0.4,
113911,RUNNING,1.7806,1.5007,-4.275,-2.8119,0.0,0,0.0,32,1,0,-2.8119,-2.8119,0,15.3938,19.9377,idle,1.7836,1.5032,1.7786,1.499,1.5007,0.4,
114013,RUNNING,2.859,1.9673,-3.825,-3.3589,120.0,0,0.0,33,1,0,-3.3589,-3.3589,0,15.6575,19.9377,idle,2.8628,1.97,2.8564,1.9656,1.9673,0.4,
114113,RUNNING,3.4918,2.9584,-4.6125,-10.255,-240.0,0,0.0,11,1,0,-10.255,-10.255,0,15.1301,19.9377,idle,3.4986,2.9642,3.4873,2.9546,2.9584,0.4,
114214,RUNNING,3.6207,3.2643,-6.75,-4.798,-120.0,0,0.0,30,1,0,-4.798,-4.798,0,13.0208,19.9377,idle,3.6358,3.2779,3.6106,3.2552,3.2643,0.4,
114316,RUNNING,3.6191,3.4446,-7.0875,-5.1046,240.0,0,0.0,32,1,0,-5.1046,-5.1046,0,12.1418,19.9377,idle,3.6358,3.4604,3.608,3.434,3.4446,0.4,
114417,RUNNING,4.1072,3.7867,-4.8375,-5.4883,-120.0,0,0.0,32,1,0,-5.4883,-5.4883,0,14.5149,19.9377,idle,4.116,3.7948,4.1013,3.7813,3.7867,0.4,
114518,RUNNING,4.0977,4.0806,-6.975,-5.8169,30.74,0,0.0,31,1,0,-5.8169,-5.8169,0,12.5813,19.9377,idle,4.116,4.0988,4.0855,4.0685,4.0806,0.4,
114618,RUNNING,4.1041,4.087,-5.625,-5.8809,-102.31,0,0.0,132,1,2,-5.8809,-5.8809,0,13.636,19.9377,idle,4.116,4.0988,4.0962,4.0791,4.087,0.4,
114719,RUNNING,4.1031,4.086,-5.85,-5.9073,0.0,0,0.0,233,1,4,-5.9073,-5.9073,0,13.4602,19.9377,idle,4.116,4.0988,4.0946,4.0774,4.086,0.4,
114820,RUNNING,4.1031,4.086,-5.85,-5.9349,0.0,0,0.0,333,1,6,-5.9349,-5.9349,0,13.4602,19.9377,idle,4.116,4.0988,4.0946,4.0774,4.086,0.4,
114920,RUNNING,5.2965,4.7021,-6.4125,-13.0571,-285.97,0,0.0,13,1,0,-13.0571,-13.0571,0,13.1086,19.9377,idle,5.3165,4.7198,5.2832,4.6903,4.7021,0.4,
115020,RUNNING,5.2921,4.6982,-7.0875,-6.7326,194.57,0,0.0,114,1,2,-6.7326,-6.7326,0,12.054,19.9377,idle,5.3165,4.7198,5.2759,4.6838,4.6982,0.4,
115122,RUNNING,5.2958,4.7015,-6.525,-6.7147,0.0,0,0.0,216,1,4,-6.7147,-6.7147,0,12.845,19.9377,idle,5.3165,4.7198,5.2821,4.6892,4.7015,0.4,
115222,RUNNING,5.2958,4.7015,-6.525,-6.7464,0.0,0,0.0,316,1,6,-6.7464,-6.7464,0,12.845,19.9377,idle,5.3165,4.7198,5.2821,4.6892,4.7015,0.4,
115322,RUNNING,5.1866,4.9029,-7.5375,-10.0213,-240.0,0,0.0,12,1,0,-10.0213,-10.0213,0,12.054,19.9377,idle,5.2136,4.9284,5.1685,4.8858,4.9029,0.4,
115424,RUNNING,3.472,4.2516,-7.65,-6.3845,360.0,0,0.0,31,1,0,-6.3845,-6.3845,0,11.4387,19.9377,idle,3.4906,4.2744,3.4596,4.2364,4.2516,0.4,
115526,RUNNING,2.9794,3.6897,-4.1625,-5.7523,240.0,0,0.0,33,1,0,-5.7523,-5.7523,0,14.9543,19.9377,idle,2.9841,3.6956,2.9762,3.6858,3.6897,0.4,
115628,RUNNING,3.36,3.3954,-2.1375,-5.0076,-35.24,0,0.0,12,1,0,-5.0076,-5.0076,0,17.0637,19.9377,idle,3.3614,3.3968,3.3591,3.3944,3.3954,0.4,
115729,RUNNING,2.6044,3.0703,-3.15,-5.0297,-155.24,0,0.0,31,1,0,-5.0297,-5.0297,0,16.4485,19.9377,idle,2.6068,3.0731,2.6029,3.0685,3.0703,0.4,
115830,RUNNING,2.4636,2.7873,-5.175,-4.7187,12.65,0,0.0,32,1,0,-4.7187,-4.7187,0,14.427,19.9377,idle,2.4696,2.7941,2.4595,2.7827,2.7873,0.4,
115933,RUNNING,2.4669,2.6545,-3.4875,-4.6355,132.65,0,0.0,32,1,0,-4.6355,-4.6355,0,15.7454,19.9377,idle,2.4696,2.6574,2.465,2.6525,2.6545,0.4,
116035,RUNNING,1.1651,1.8819,-3.2625,4.0239,12.65,0,0.0,10,1,0,4.0239,4.0239,0,16.2727,19.9377,idle,1.1662,1.8837,1.1643,1.8806,1.8819,0.4,
116135,RUNNING,1.2335,1.5511,-3.375,-3.4006,0.0,0,0.0,30,1,0,-3.4006,-3.4006,0,15.9211,19.9377,idle,1.2348,1.5528,1.2327,1.5501,1.5511,0.4,
116236,RUNNING,1.5762,1.4919,-3.375,-3.3333,0.0,0,0.0,32,1,0,-3.3333,-3.3333,0,16.2727,19.9377,idle,1.5778,1.4935,1.5751,1.4909,1.4919,0.4,
116337,RUNNING,1.1653,1.3255,-2.925,-3.1647,0.0,0,0.0,32,1,0,-3.1647,-3.1647,0,16.3606,19.9377,idle,1.1662,1.3266,1.1647,1.3248,1.3255,0.4,
116438,RUNNING,0.8226,0.8958,-2.8125,-1.8889,120.0,0,0.0,11,1,0,-1.8889,-1.8889,0,16.6243,19.9377,idle,0.8232,0.8965,0.8222,0.8954,0.8958,0.4,
116538,RUNNING,0.8228,0.8587,-2.25,-2.6472,-120.0,0,0.0,31,1,0,-2.6472,-2.6472,0,17.1516,19.9377,idle,0.8232,0.8591,0.8226,0.8584,0.8587,0.4,
116638,RUNNING,0.4114,0.6306,-2.1375,-2.3969,0.0,0,0.0,32,1,0,-2.3969,-2.3969,0,17.0637,19.9377,idle,0.4116,0.6309,0.4113,0.6304,0.6306,0.4,
116740,RUNNING,0.4114,0.5648,-2.475,-2.3225,-58.39,0,0.0,80,1,1,-2.3225,-2.3225,0,17.2395,19.9377,idle,0.4116,0.5651,0.4112,0.5646,0.5648,0.4,
116841,RUNNING,0.4114,0.5648,-2.475,-2.3289,0.0,0,0.0,182,1,4,-2.3289,-2.3289,0,16.9758,19.9377,idle,0.4116,0.5651,0.4112,0.5646,0.5648,0.4,
116941,RUNNING,-1.7149,-0.5401,-0.9,-1.0826,240.0,0,0.0,33,1,0,-1.0826,-1.0826,0,18.1184,19.9377,idle,-1.715,-0.5401,-1.7148,-0.5401,-0.5401,0.4,
117043,RUNNING,-2.5857,-1.5724,3.375,0.0636,360.0,0,0.0,21,1,0,0.0636,0.0636,0,22.425,19.9377,idle,-2.5884,-1.574,-2.5839,-1.5713,-1.5724,0.4,
117145,RUNNING,-3.4148,-2.5094,6.975,1.0932,240.0,0,0.0,33,1,0,1.0932,1.0932,0,26.2043,19.9377,idle,-3.43,-2.5206,-3.4046,-2.5019,-2.5094,0.4,
117246,RUNNING,-3.9416,-3.3869,10.125,8.1304,22.01,0,0.0,13,1,0,8.1304,8.1304,0,29.6321,19.9377,idle,-3.9788,-3.4188,-3.9168,-3.3656,-3.3869,0.4,
117348,RUNNING,-3.8881,-3.6487,7.875,2.6239,-577.99,0,0.0,31,1,0,2.6239,2.6239,0,27.9622,19.9377,idle,-3.9102,-3.6694,-3.8733,-3.6348,-3.6487,0.4,
117449,RUNNING,-3.9082,-3.6676,2.3625,2.5572,-162.32,0,0.0,132,1,2,2.5572,2.5572,0,22.2493,19.9377,idle,-3.9102,-3.6694,-3.9069,-3.6663,-3.6676,0.4,
117552,RUNNING,-3.9078,-3.6672,2.5875,2.5412,0.0,0,0.0,234,1,4,2.5412,2.5412,0,21.9856,19.9377,idle,-3.9102,-3.6694,-3.9062,-3.6657,-3.6672,0.4,
117652,RUNNING,-3.9078,-3.6672,2.5875,2.5754,0.0,0,0.0,335,1,6,2.5754,2.5754,0,22.1614,19.9377,idle,-3.9102,-3.6694,-3.9062,-3.6657,-3.6672,0.4,
117752,RUNNING,-0.9444,-2.3568,1.0125,1.1276,-240.0,0,0.0,31,1,0,1.1276,1.1276,0,20.9309,19.9377,idle,-0.9445,-2.357,-0.9444,-2.3567,-2.3568,0.4,
117854,RUNNING,-0.1029,-1.3533,-1.125,-0.004,-120.0,0,0.0,32,1,0,-0.004,-0.004,0,18.7336,19.9377,idle,-0.1029,-1.3534,-0.1029,-1.3532,-1.3533,0.4,
117955,RUNNING,-0.1029,-1.3534,-0.1125,0.0097,171.6,0,0.0,133,1,2,0.0097,0.0097,0,18.9973,19.9377,idle,-0.1029,-1.3534,-0.1029,-1.3534,-1.3534,0.4,
118056,RUNNING,-0.686,-1.1531,-0.675,-0.2101,-185.89,0,0.0,30,1,0,-0.2101,-0.2101,0,19.1731,19.9377,idle,-0.686,-1.1532,-0.686,-1.1531,-1.1531,0.4,
118158,RUNNING,0.48,-0.4424,-2.3625,-1.005,-65.89,0,0.0,32,1,0,-1.005,-1.005,0,17.3274,19.9377,idle,0.4802,-0.4426,0.4798,-0.4422,-0.4424,0.4,
118259,RUNNING,1.474,0.3766,-2.5875,-1.9245,54.11,0,0.0,32,1,0,-1.9245,-1.9245,0,16.9758,19.9377,idle,1.4749,0.3769,1.4734,0.3765,0.3766,0.4,
118363,RUNNING,3.3065,1.984,-2.7,-18.0819,-305.89,0,0.0,1,1,0,-18.0819,-18.0819,0,16.9758,19.9377,idle,3.3087,1.9853,3.305,1.9831,1.984,0.4,
118464,RUNNING,3.7358,2.8698,-5.625,-4.7071,-192.92,0,0.0,23,1,0,-4.7071,-4.7071,0,14.0754,19.9377,idle,3.7466,2.8781,3.7286,2.8642,2.8698,0.4,
118565,RUNNING,4.0959,3.4206,-7.3125,-5.3576,-72.92,0,0.0,32,1,0,-5.3576,-5.3576,0,12.3176,19.9377,idle,4.116,3.4374,4.0825,3.4094,3.4206,0.4,
118667,RUNNING,4.094,3.7633,-7.65,-5.791,47.08,0,0.0,32,1,0,-5.791,-5.791,0,11.8782,19.9377,idle,4.116,3.7835,4.0794,3.7498,3.7633,0.4,
118769,RUNNING,5.0587,4.1568,-6.1875,-6.3462,96.07,0,0.0,74,1,1,-6.3462,-6.3462,0,12.845,19.9377,idle,5.0764,4.1714,5.0468,4.1471,4.1568,0.4,
118872,RUNNING,5.0593,4.1573,-6.075,-6.3047,-120.0,0,0.0,176,1,3,-6.3047,-6.3047,0,13.1965,19.9377,idle,5.0764,4.1714,5.0479,4.1479,4.1573,0.4,
118972,RUNNING,5.0546,4.613,-6.8625,-6.815,0.0,0,0.0,31,1,0,-6.815,-6.815,0,12.7571,19.9377,idle,5.0764,4.6329,5.04,4.5997,4.613,0.4,
119072,RUNNING,5.0516,4.8354,-7.3125,-7.0934,0.0,0,0.0,32,1,0,-7.0934,-7.0934,0,12.2297,19.9377,idle,5.0764,4.8591,5.0351,4.8196,4.8354,0.4,
119174,RUNNING,5.0485,4.9426,-7.7625,-7.244,0.0,0,0.0,32,1,0,-7.244,-7.244,0,11.8782,19.9377,idle,5.0764,4.9699,5.0299,4.9244,4.9426,0.4,
119274,RUNNING,5.0524,4.9464,-7.2,-7.3398,0.0,0,0.0,133,1,2,-7.3398,-7.3398,0,12.1418,19.9377,idle,5.0764,4.9699,5.0364,4.9307,4.9464,0.4,
119374,RUNNING,5.0524,4.9464,-7.2,-7.3545,0.0,0,0.0,233,1,5,-7.3545,-7.3545,0,12.1418,19.9377,idle,5.0764,4.9699,5.0364,4.9307,4.9464,0.4,
119474,RUNNING,5.0524,4.9464,-7.2,-7.3812,0.0,0,0.0,333,0,7,-7.3812,-7.3812,0,12.1418,19.9377,idle,5.0764,4.9699,5.0364,4.9307,4.9464,0.4,
119574,RUNNING,5.6218,5.4292,-8.55,-7.8138,-203.97,0,0.0,33,1,0,-7.8138,-7.8138,0,11.175,19.9377,idle,5.6595,5.4657,5.5966,5.4049,5.4292,0.4,
119675,RUNNING,4.5671,4.8019,-8.325,-7.3894,315.9,0,0.0,21,1,0,-7.3894,-7.3894,0,10.6477,19.9377,idle,4.5962,4.8325,4.5478,4.7816,4.8019,0.4,
119777,RUNNING,4.1739,4.4546,-5.2875,-7.0001,195.9,0,0.0,32,1,0,-7.0001,-7.0001,0,13.7239,19.9377,idle,4.1846,4.466,4.1668,4.447,4.4546,0.4,
119878,RUNNING,4.1748,4.3555,-5.0625,-6.8175,-164.1,0,0.0,32,1,0,-6.8175,-6.8175,0,14.5149,19.9377,idle,4.1846,4.3657,4.1683,4.3487,4.3555,0.4,
119980,RUNNING,4.1683,4.1778,-6.525,-6.6685,0.0,0,0.0,31,1,0,-6.6685,-6.6685,0,12.9329,19.9377,idle,4.1846,4.1941,4.1575,4.1669,4.1778,0.4,
120080,RUNNING,2.2562,3.4429,-6.075,-5.8896,0.0,0,0.0,32,1,0,-5.8896,-5.8896,0,13.1086,19.9377,idle,2.2638,3.4546,2.2511,3.4352,3.4429,0.4,
120180,RUNNING,2.1212,3.0484,-5.2875,-5.4358,0.0,0,0.0,80,1,1,-5.4358,-5.4358,0,14.0754,19.9377,idle,2.1266,3.0562,2.1175,3.0432,3.0484,0.4,
120281,RUNNING,2.1212,3.0484,-5.2875,-5.4647,0.0,0,0.0,181,1,4,-5.4647,-5.4647,0,14.0754,19.9377,idle,2.1266,3.0562,2.1175,3.0432,3.0484,0.4,
120381,RUNNING,2.1212,3.0484,-5.2875,-5.4852,0.0,0,0.0,281,1,6,-5.4852,-5.4852,0,14.0754,19.9377,idle,2.1266,3.0562,2.1175,3.0432,3.0484,0.4,
120481,RUNNING,2.1212,3.0484,-5.2875,-5.4894,0.0,0,0.0,381,0,8,-5.4894,-5.4894,0,14.0754,19.9377,idle,2.1266,3.0562,2.1175,3.0432,3.0484,0.4,
120581,RUNNING,2.1212,3.0484,-5.2875,-5.4894,0.0,0,0.0,482,0,11,-5.4894,-5.4894,0,14.0754,19.9377,idle,2.1266,3.0562,2.1175,3.0432,3.0484,0.4,
120681,RUNNING,2.1212,3.0484,-5.2875,-5.4894,0.0,0,0.0,582,0,13,-5.4894,-5.4894,0,14.0754,19.9377,idle,2.1266,3.0562,2.1175,3.0432,3.0484,0.4,
120781,RUNNING,2.1212,3.0484,-5.2875,-5.4894,0.0,0,0.0,682,0,16,-5.4894,-5.4894,0,14.0754,19.9377,idle,2.1266,3.0562,2.1175,3.0432,3.0484,0.4,
120881,RUNNING,2.1212,3.0484,-5.2875,-5.4894,0.0,0,0.0,783,0,18,-5.4894,-5.4894,0,14.0754,19.9377,idle,2.1266,3.0562,2.1175,3.0432,3.0484,0.4,
120981,RUNNING,2.1212,3.0484,-5.2875,-5.4894,0.0,0,0.0,883,0,21,-5.4894,-5.4894,0,14.0754,19.9377,idle,2.1266,3.0562,2.1175,3.0432,3.0484,0.4,
121081,RUNNING,2.1212,3.0484,-5.2875,-5.4894,0.0,0,0.0,983,0,23,-5.4894,-5.4894,0,14.0754,19.9377,idle,2.1266,3.0562,2.1175,3.0432,3.0484,0.4,
121181,RUNNING,2.1212,3.0484,-5.2875,-5.4894,0.0,0,0.0,1083,0,24,-5.4894,-5.4894,0,14.0754,19.9377,idle,2.1266,3.0562,2.1175,3.0432,3.0484,0.4,
121283,RUNNING,-0.8723,1.0508,-3.7125,-3.2657,240.0,0,0.0,33,1,0,-3.2657,-3.2657,0,15.3059,19.9377,idle,-0.8734,1.0521,-0.8716,1.0499,1.0508,0.4,
121384,RUNNING,-3.8733,-1.4279,0.5625,-0.4576,360.0,0,0.0,21,1,0,-0.4576,-0.4576,0,19.6125,19.9377,idle,-3.8734,-1.428,-3.8732,-1.4279,-1.4279,0.4,
121486,RUNNING,-3.8673,-2.6709,4.1625,0.9194,240.0,0,0.0,31,1,0,0.9194,0.9194,0,23.304,19.9377,idle,-3.8734,-2.6751,-3.8632,-2.6681,-2.6709,0.4,
121587,RUNNING,-3.8589,-3.2739,6.4125,1.6028,120.0,0,0.0,31,1,0,1.6028,1.6028,0,25.677,19.9377,idle,-3.8734,-3.2863,-3.8492,-3.2657,-3.2739,0.4,
121691,RUNNING,-6.8399,-4.7773,7.3125,3.3384,0.0,0,0.0,33,1,0,3.3384,3.3384,0,26.5559,19.9377,idle,-6.8734,-4.8007,-6.8175,-4.7617,-4.7773,0.4,
121792,RUNNING,-6.8226,-6.1169,9.0,4.8088,120.0,0,0.0,22,1,0,4.8088,4.8088,0,28.05,19.9377,idle,-6.8734,-6.1625,-6.7888,-6.0866,-6.1169,0.4,
121893,RUNNING,-8.2986,-6.9127,9.9,5.7895,0.0,0,0.0,30,1,0,5.7895,5.7895,0,28.8411,19.9377,idle,-8.3734,-6.975,-8.2487,-6.8712,-6.9127,0.4,
121994,RUNNING,-9.793,-8.3844,9.45,7.5999,-120.0,0,0.0,31,1,0,7.5999,7.5999,0,28.6653,19.9377,idle,-9.8734,-8.4532,-9.7394,-8.3385,-8.3844,0.4,
122094,RUNNING,-9.8076,-9.3237,8.55,14.0076,0.0,0,0.0,10,1,0,14.0076,14.0076,0,27.9622,19.9377,idle,-9.8734,-9.3863,-9.7637,-9.282,-9.3237,0.4,
122194,RUNNING,-12.2326,-10.5922,10.125,9.7938,233.88,0,0.0,30,1,0,9.7938,9.7938,0,28.8411,19.9377,idle,-12.348,-10.6921,-12.1557,-10.5256,-10.5922,0.4,
122296,RUNNING,-12.179,-11.3787,12.2625,10.8437,113.88,0,0.0,31,1,0,10.8437,10.8437,0,31.2141,19.9377,idle,-12.348,-11.5366,-12.0663,-11.2734,-11.3787,0.4,
122398,RUNNING,-12.4977,-11.8697,12.9375,11.6023,-6.12,0,0.0,31,1,0,11.6023,11.6023,0,31.9172,19.9377,idle,-12.691,-12.0533,-12.3688,-11.7473,-11.8697,0.4,
122502,RUNNING,-12.5849,-12.2294,12.2625,12.327,0.0,0,0.0,31,1,0,12.327,12.327,0,31.4778,19.9377,idle,-12.7596,-12.3991,-12.4685,-12.1162,-12.2294,0.4,
122603,RUNNING,-12.4335,-12.3779,12.825,13.0188,0.0,0,0.0,10,1,0,13.0188,13.0188,0,31.9172,19.9377,idle,-12.6224,-12.566,-12.3075,-12.2525,-12.3779,0.4,
122703,RUNNING,-12.4335,-12.4062,12.825,12.4488,0.0,0,0.0,31,1,0,12.4488,12.4488,0,31.8293,19.9377,idle,-12.6224,-12.5948,-12.3075,-12.2806,-12.4062,0.4,
122805,RUNNING,-12.1051,-12.3284,12.4875,12.7729,0.0,0,0.0,32,1,0,12.7729,12.7729,0,31.6536,19.9377,idle,-12.2794,-12.506,-11.9889,-12.2101,-12.3284,0.4,
122907,RUNNING,-11.2401,-11.7482,11.925,6.6025,-120.0,0,0.0,11,1,0,6.6025,6.6025,0,31.0383,19.9377,idle,-11.3876,-11.9023,-11.1418,-11.6454,-11.7482,0.4,
123009,RUNNING,-10.8418,-11.4823,11.5875,11.6794,0.0,0,0.0,70,1,1,11.6794,11.6794,0,30.511,19.9377,idle,-10.976,-11.6244,-10.7523,-11.3875,-11.4823,0.4,
123110,RUNNING,-10.8392,-11.4795,11.7,11.8917,0.0,0,0.0,172,1,3,11.8917,11.8917,0,30.6868,19.9377,idle,-10.976,-11.6244,-10.748,-11.3829,-11.4795,0.4,
123210,RUNNING,-8.7317,-10.176,11.25,10.6184,-240.0,0,0.0,32,1,0,10.6184,10.6184,0,30.511,19.9377,idle,-8.8335,-10.2947,-8.6638,-10.0969,-10.176,0.4,
123313,RUNNING,-7.0862,-8.5704,7.9875,-7.1483,-360.0,0,0.0,11,1,0,-7.1483,-7.1483,0,27.1711,19.9377,idle,-7.1277,-8.6205,-7.0586,-8.5369,-8.5704,0.4,
123414,RUNNING,-7.1009,-8.5882,6.4125,8.775,240.0,0,0.0,113,1,2,8.775,8.775,0,25.1497,19.9377,idle,-7.1277,-8.6205,-7.0831,-8.5666,-8.5882,0.4,
123515,RUNNING,-7.0751,-8.5569,9.0,8.8141,0.0,0,0.0,214,1,4,8.8141,8.8141,0,27.7864,19.9377,idle,-7.1277,-8.6205,-7.0399,-8.5144,-8.5569,0.4,
123616,RUNNING,-5.3597,-6.9822,7.5375,7.3057,-240.0,0,0.0,32,1,0,7.3057,7.3057,0,26.9075,19.9377,idle,-5.3876,-7.0186,-5.341,-6.9579,-6.9822,0.4,
123718,RUNNING,-5.1662,-6.4481,5.7375,6.577,120.0,0,0.0,73,1,1,6.577,6.577,0,24.6223,19.9377,idle,-5.1818,-6.4675,-5.1558,-6.4351,-6.4481,0.4,
123819,RUNNING,-5.161,-6.4415,6.6375,6.6584,0.0,0,0.0,173,1,3,6.6584,6.6584,0,25.677,19.9377,idle,-5.1818,-6.4675,-5.1471,-6.4242,-6.4415,0.4,
123919,RUNNING,-2.382,-4.3999,5.0625,4.4252,-260.72,0,0.0,32,1,0,4.4252,4.4252,0,24.2708,19.9377,idle,-2.3876,-4.4102,-2.3783,-4.393,-4.3999,0.4,
124020,RUNNING,-2.1805,-3.2933,2.5875,3.1557,-140.72,0,0.0,32,1,0,3.1557,3.1557,0,21.7219,19.9377,idle,-2.1818,-3.2953,-2.1796,-3.292,-3.2933,0.4,
124123,RUNNING,0.6123,-1.3255,1.4625,0.9346,-237.29,0,0.0,32,1,0,0.9346,0.9346,0,20.5793,19.9377,idle,0.6124,-1.3258,0.6122,-1.3254,-1.3255,0.4,
124224,RUNNING,0.7153,-0.7134,-0.5625,0.2477,122.71,0,0.0,80,1,1,0.2477,0.2477,0,18.2942,19.9377,idle,0.7153,-0.7135,0.7153,-0.7134,-0.7134,0.4,
124325,RUNNING,0.7153,-0.7135,0.3375,0.2526,0.0,0,0.0,181,1,4,0.2526,0.2526,0,19.3489,19.9377,idle,0.7153,-0.7135,0.7153,-0.7135,-0.7135,0.4,
124426,RUNNING,0.7153,-0.7135,0.3375,0.2571,0.0,0,0.0,282,1,6,0.2571,0.2571,0,19.261,19.9377,idle,0.7153,-0.7135,0.7153,-0.7135,-0.7135,0.4,
124526,RUNNING,0.7153,-0.7135,0.3375,0.259,0.0,0,0.0,382,0,8,0.259,0.259,0,19.261,19.9377,idle,0.7153,-0.7135,0.7153,-0.7135,-0.7135,0.4,
124626,RUNNING,0.7153,-0.7135,0.3375,0.259,0.0,0,0.0,482,0,10,0.259,0.259,0,19.261,19.9377,idle,0.7153,-0.7135,0.7153,-0.7135,-0.7135,0.4,
124726,RUNNING,0.7153,-0.7135,0.3375,0.259,0.0,0,0.0,582,0,12,0.259,0.259,0,19.261,19.9377,idle,0.7153,-0.7135,0.7153,-0.7135,-0.7135,0.4,
124827,RUNNING,0.5488,0.1752,-0.45,-4.7938,-360.0,0,0.0,11,1,0,-4.7938,-4.7938,0,18.7336,19.9377,idle,0.5488,0.1752,0.5488,0.1752,0.1752,0.4,
124929,RUNNING,2.3289,1.144,-4.05,-1.8207,-240.0,0,0.0,30,1,0,-1.8207,-1.8207,0,15.218,19.9377,idle,2.3324,1.1457,2.3266,1.1429,1.144,0.4,
125030,RUNNING,1.7098,1.3125,-5.7375,-2.0342,120.0,0,0.0,73,1,1,-2.0342,-2.0342,0,13.0208,19.9377,idle,1.715,1.3165,1.7064,1.3099,1.3125,0.4,
125130,RUNNING,1.7141,1.3158,-2.3625,-2.0599,233.18,0,0.0,173,1,3,-2.0599,-2.0599,0,16.0969,19.9377,idle,1.715,1.3165,1.7135,1.3154,1.3158,0.4,
125233,RUNNING,0.5488,1.0861,-0.7875,-1.7955,-126.82,0,0.0,72,1,1,-1.7955,-1.7955,0,17.9426,19.9377,idle,0.5488,1.0862,0.5487,1.0861,1.0861,0.4,
125334,RUNNING,0.5486,1.0858,-1.9125,-1.803,0.0,0,0.0,174,1,3,-1.803,-1.803,0,16.8879,19.9377,idle,0.5488,1.0862,0.5485,1.0856,1.0858,0.4,
125434,RUNNING,0.5486,1.0858,-1.9125,-1.8103,0.0,0,0.0,274,1,6,-1.8103,-1.8103,0,16.8879,19.9377,idle,0.5488,1.0862,0.5485,1.0856,1.0858,0.4,
125534,RUNNING,0.5486,1.0858,-1.9125,-1.8132,0.0,0,0.0,374,0,8,-1.8132,-1.8132,0,16.8879,19.9377,idle,0.5488,1.0862,0.5485,1.0856,1.0858,0.4,
125634,RUNNING,0.5486,1.0858,-1.9125,-1.8132,0.0,0,0.0,475,0,9,-1.8132,-1.8132,0,16.8879,19.9377,idle,0.5488,1.0862,0.5485,1.0856,1.0858,0.4,
125734,RUNNING,0.5486,1.0858,-1.9125,-1.8132,0.0,0,0.0,575,0,12,-1.8132,-1.8132,0,16.8879,19.9377,idle,0.5488,1.0862,0.5485,1.0856,1.0858,0.4,
125835,RUNNING,-2.4506,0.025,-1.6875,-0.6199,240.0,0,0.0,32,1,0,-0.6199,-0.6199,0,16.8879,19.9377,idle,-2.4512,0.025,-2.4501,0.025,0.025,0.4,
125937,RUNNING,-3.9503,-2.0514,1.575,22.3196,363.8,0,0.0,11,1,0,22.3196,22.3196,0,20.1399,19.9377,idle,-3.9512,-2.0519,-3.9497,-2.0511,-2.0514,0.4,
126040,RUNNING,-5.4379,-3.7763,5.175,3.6159,243.8,0,0.0,29,1,0,3.6159,3.6159,0,23.7434,19.9377,idle,-5.4512,-3.7855,-5.429,-3.7701,-3.7763,0.4,
126141,RUNNING,-5.4229,-4.611,7.5375,4.5626,123.8,0,0.0,31,1,0,4.5626,4.5626,0,26.2043,19.9377,idle,-5.4512,-4.635,-5.4041,-4.595,-4.611,0.4,
126242,RUNNING,-6.9061,-5.622,8.4375,5.7735,3.8,0,0.0,31,1,0,5.7735,5.7735,0,27.1711,19.9377,idle,-6.9512,-5.6588,-6.876,-5.5975,-5.622,0.4,
126344,RUNNING,-8.3992,-7.0393,8.2125,7.4609,-116.2,0,0.0,31,1,0,7.4609,7.4609,0,27.1711,19.9377,idle,-8.4512,-7.0829,-8.3645,-7.0103,-7.0393,0.4,
126446,RUNNING,-8.4074,-7.7404,7.5375,8.2402,259.71,0,0.0,33,1,0,8.2402,8.2402,0,26.2922,19.9377,idle,-8.4512,-7.7807,-8.3782,-7.7135,-7.7404,0.4,
126547,RUNNING,-11.327,-9.4429,10.9125,27.9,379.71,0,0.0,13,1,0,30.4593,27.9,1,29.6321,19.9377,idle,-11.4512,-9.5465,-11.2441,-9.3739,-9.4429,0.4,
126649,RUNNING,-11.2252,-10.3103,14.7375,10.7602,259.71,0,0.0,31,1,0,10.7602,10.7602,0,33.3235,19.9377,idle,-11.4512,-10.5179,-11.0745,-10.1719,-10.3103,0.4,
126751,RUNNING,-11.1593,-10.7136,16.7625,11.7349,-100.29,0,0.0,31,1,0,11.7349,11.7349,0,35.6965,19.9377,idle,-11.4512,-10.9939,-10.9646,-10.5267,-10.7136,0.4,
126855,RUNNING,-11.2286,-11.0089,14.625,12.5781,-297.15,0,0.0,32,1,0,12.5781,12.5781,0,33.9387,19.9377,idle,-11.4512,-11.2271,-11.0802,-10.8633,-11.0089,0.4,
126958,RUNNING,-12.0342,-11.5872,12.2625,17.9583,78.18,0,0.0,10,1,0,17.9583,17.9583,0,31.3899,19.9377,idle,-12.2012,-11.7481,-11.9228,-11.48,-11.5872,0.4,
127060,RUNNING,-12.0479,-11.7077,14.4,12.7423,168.71,0,0.0,30,1,0,12.7423,12.7423,0,33.1477,19.9377,idle,-12.2794,-11.9326,-11.8936,-11.5577,-11.7077,0.4,
127163,RUNNING,-12.0183,-11.852,15.3,13.6102,-191.29,0,0.0,31,1,0,13.6102,13.6102,0,34.4661,19.9377,idle,-12.2794,-12.1095,-11.8442,-11.6803,-11.852,0.4,
127265,RUNNING,-12.541,-12.1429,13.725,13.7396,0.0,0,0.0,31,1,0,13.7396,13.7396,0,32.7083,19.9377,idle,-12.7596,-12.3546,-12.3953,-12.0018,-12.1429,0.4,
127367,RUNNING,-12.5153,-12.5609,14.5125,14.1913,-74.38,0,0.0,31,1,0,14.1913,14.1913,0,33.4114,19.9377,idle,-12.7596,-12.8061,-12.3525,-12.3975,-12.5609,0.4,
127470,RUNNING,-12.133,-12.3535,13.8375,14.4126,0.0,0,0.0,33,1,0,14.4126,14.4126,0,33.0598,19.9377,idle,-12.348,-12.5724,-11.9896,-12.2076,-12.3535,0.4,
127571,RUNNING,-11.2567,-11.8169,13.8375,7.6317,-120.0,0,0.0,13,1,0,7.6317,7.6317,0,32.884,19.9377,idle,-11.4562,-12.0264,-11.1237,-11.6773,-11.8169,0.4,
127673,RUNNING,-10.3332,-11.2701,13.05,13.3272,0.0,0,0.0,31,1,0,13.3272,13.3272,0,32.2688,19.9377,idle,-10.4958,-11.4475,-10.2247,-11.1518,-11.2701,0.4,
127774,RUNNING,-9.2129,-10.2268,12.6,12.2059,-205.03,0,0.0,31,1,0,12.2059,12.2059,0,31.8293,19.9377,idle,-9.348,-10.3767,-9.1229,-10.1268,-10.2268,0.4,
127878,RUNNING,-8.384,-9.1671,9.675,2.6438,-325.03,0,0.0,11,1,0,2.6438,2.6438,0,28.8411,19.9377,idle,-8.4562,-9.246,-8.3359,-9.1145,-9.1671,0.4,
127979,RUNNING,-6.3233,-7.978,6.525,9.8331,-205.03,0,0.0,31,1,0,9.8331,9.8331,0,25.8528,19.9377,idle,-6.348,-8.0091,-6.3069,-7.9572,-7.978,0.4,
128080,RUNNING,-6.3351,-7.1473,4.725,8.8515,-85.03,0,0.0,30,1,0,8.8515,8.8515,0,23.8313,19.9377,idle,-6.348,-7.1619,-6.3264,-7.1376,-7.1473,0.4,
128182,RUNNING,-5.4471,-6.2815,4.275,7.8769,34.97,0,0.0,32,1,0,7.8769,7.8769,0,23.3918,19.9377,idle,-5.4562,-6.292,-5.441,-6.2745,-6.2815,0.4,
128283,RUNNING,-3.3398,-5.0193,5.175,6.4524,154.97,0,0.0,32,1,0,6.4524,6.4524,0,24.0071,19.9377,idle,-3.348,-5.0316,-3.3344,-5.0111,-5.0193,0.4,
128385,RUNNING,-3.3345,-5.0114,6.6375,6.5082,0.0,0,0.0,133,1,2,6.5082,6.5082,0,25.677,19.9377,idle,-3.348,-5.0316,-3.3256,-4.9979,-5.0114,0.4,
128485,RUNNING,-2.8912,-4.3763,6.4125,5.8381,-240.0,0,0.0,32,1,0,5.8381,5.8381,0,25.5012,19.9377,idle,-2.9021,-4.3928,-2.8839,-4.3653,-4.3763,0.4,
128586,RUNNING,-0.9211,-2.557,3.15,-13.9272,-360.0,0,0.0,12,1,0,-13.9272,-13.9272,0,22.425,19.9377,idle,-0.9219,-2.5593,-0.9205,-2.5554,-2.557,0.4,
128689,RUNNING,0.3208,-1.1841,-0.3375,2.2514,-240.0,0,0.0,31,1,0,2.2514,2.2514,0,18.9094,19.9377,idle,0.3208,-1.1841,0.3208,-1.184,-1.1841,0.4,
128790,RUNNING,1.5491,0.0497,-3.7125,0.8651,-120.0,0,0.0,51,1,0,0.8651,0.8651,0,15.3938,19.9377,idle,1.551,0.0497,1.5478,0.0496,0.0497,0.4,
128890,RUNNING,1.5502,0.0497,-2.475,0.8637,480.0,0,0.0,151,1,3,0.8637,0.8637,0,15.9211,19.9377,idle,1.551,0.0497,1.5496,0.0497,0.0497,0.4,
128992,RUNNING,1.5507,0.0497,1.4625,0.864,5.92,0,0.0,253,1,5,0.864,0.864,0,20.1399,19.9377,idle,1.551,0.0497,1.5505,0.0497,0.0497,0.4,
129092,RUNNING,1.551,0.0497,0.5625,0.8635,0.0,0,0.0,353,0,7,0.8635,0.8635,0,19.5247,19.9377,idle,1.551,0.0497,1.551,0.0497,0.0497,0.4,
129192,RUNNING,3.552,1.7555,-1.0125,-1.0552,-234.08,0,0.0,32,1,0,-1.0552,-1.0552,0,18.2942,19.9377,idle,3.5524,1.7557,3.5518,1.7554,1.7555,0.4,
129294,RUNNING,4.1739,3.1914,-5.2875,-2.6223,-354.08,0,0.0,22,1,0,-2.6223,-2.6223,0,13.8997,19.9377,idle,4.1846,3.1996,4.1668,3.186,3.1914,0.4,
129395,RUNNING,4.1581,3.7358,-8.325,-3.2826,5.92,0,0.0,32,1,0,-3.2826,-3.2826,0,10.4719,19.9377,idle,4.1846,3.7596,4.1405,3.72,3.7358,0.4,
129497,RUNNING,3.7621,3.7986,-5.625,-3.549,470.57,0,0.0,32,1,0,-3.549,-3.549,0,12.5813,19.9377,idle,3.773,3.8096,3.7548,3.7913,3.7986,0.4,
129598,RUNNING,3.77,3.7826,-2.925,-3.2922,-129.43,0,0.0,11,1,0,-3.2922,-3.2922,0,15.8333,19.9377,idle,3.773,3.7856,3.7681,3.7806,3.7826,0.4,
129699,RUNNING,1.5764,2.7579,-3.15,-2.3221,297.17,0,0.0,31,1,0,-2.3221,-2.3221,0,15.3059,19.9377,idle,1.5778,2.7604,1.5754,2.7563,2.7579,0.4,
129801,RUNNING,1.3034,2.075,-0.3375,-1.5546,177.17,0,0.0,31,1,0,-1.5546,-1.5546,0,18.0305,19.9377,idle,1.3034,2.075,1.3034,2.0749,2.075,0.4,
129902,RUNNING,0.7729,1.4108,1.2375,-0.8112,57.17,0,0.0,31,1,0,-0.8112,-0.8112,0,19.7883,19.9377,idle,0.773,1.411,0.7728,1.4106,1.4108,0.4,
130002,RUNNING,-0.9602,0.2054,1.4625,0.5377,-62.83,0,0.0,30,1,0,0.5377,0.5377,0,20.1399,19.9377,idle,-0.9604,0.2054,-0.9601,0.2054,0.2054,0.4,
130103,RUNNING,-1.422,-0.5852,1.2375,1.4279,57.17,0,0.0,31,1,0,1.4279,1.4279,0,19.8762,19.9377,idle,-1.4222,-0.5853,-1.4219,-0.5852,-0.5852,0.4,
130204,RUNNING,-1.696,-1.0941,1.9125,2.0053,0.0,0,0.0,31,1,0,2.0053,2.0053,0,20.4915,19.9377,idle,-1.6966,-1.0944,-1.6957,-1.0938,-1.0941,0.4,
130305,RUNNING,-2.8789,-1.6292,2.925,2.6149,-14.91,0,0.0,72,1,1,2.6149,2.6149,0,21.5461,19.9377,idle,-2.8812,-1.6305,-2.8774,-1.6283,-1.6292,0.4,
130406,RUNNING,-4.0911,-2.8357,4.1625,3.9592,189.75,0,0.0,31,1,0,3.9592,3.9592,0,22.6887,19.9377,idle,-4.0976,-2.8402,-4.0868,-2.8327,-2.8357,0.4,
130507,RUNNING,-4.5457,-3.6575,5.7375,4.9083,69.75,0,0.0,31,1,0,4.9083,4.9083,0,24.3586,19.9377,idle,-4.5594,-3.6685,-4.5366,-3.6501,-3.6575,0.4,
130610,RUNNING,-6.3525,-4.8042,6.075,6.2294,0.0,0,0.0,32,1,0,6.2294,6.2294,0,24.7102,19.9377,idle,-6.374,-4.8204,-6.3382,-4.7934,-4.8042,0.4,
130710,RUNNING,-7.3981,-6.3882,8.2125,18.914,360.0,0,0.0,10,1,0,18.914,18.914,0,26.8196,19.9377,idle,-7.444,-6.4277,-7.3676,-6.3618,-6.3882,0.4,
130811,RUNNING,-8.1856,-7.2093,11.7,8.7522,240.0,0,0.0,29,1,0,8.7522,8.7522,0,30.3352,19.9377,idle,-8.2889,-7.3003,-8.1167,-7.1486,-7.2093,0.4,
130913,RUNNING,-9.8055,-8.3892,13.95,10.19,120.0,0,0.0,31,1,0,10.19,10.19,0,32.6204,19.9377,idle,-9.9822,-8.5403,-9.6877,-8.2884,-8.3892,0.4,
131014,RUNNING,-10.2347,-9.2731,14.85,11.3429,0.0,0,0.0,31,1,0,11.3429,11.3429,0,33.675,19.9377,idle,-10.444,-9.4627,-10.0951,-9.1466,-9.2731,0.4,
131115,RUNNING,-11.0728,-10.1199,14.5125,12.5052,-120.0,0,0.0,30,1,0,12.5052,12.5052,0,33.5872,19.9377,idle,-11.2889,-10.3175,-10.9287,-9.9883,-10.1199,0.4,
131216,RUNNING,-11.2631,-10.7145,13.6125,13.0933,0.0,0,0.0,31,1,0,13.0933,13.0933,0,32.4446,19.9377,idle,-11.4562,-10.8982,-11.1344,-10.5921,-10.7145,0.4,
131317,RUNNING,-11.3176,-11.0825,14.0625,16.2834,120.0,0,0.0,11,1,0,16.2834,16.2834,0,33.0598,19.9377,idle,-11.5248,-11.2854,-11.1794,-10.9472,-11.0825,0.4,
131420,RUNNING,-11.3008,-11.2564,14.625,14.0042,-120.0,0,0.0,30,1,0,14.0042,14.0042,0,33.675,19.9377,idle,-11.5248,-11.4795,-11.1514,-11.1076,-11.2564,0.4,
131521,RUNNING,-11.3109,-11.2891,14.2875,14.1173,0.0,0,0.0,31,1,0,14.1173,14.1173,0,33.4114,19.9377,idle,-11.5248,-11.5026,-11.1683,-11.1468,-11.2891,0.4,
131621,RUNNING,-11.63,-11.4546,14.85,14.203,0.0,0,0.0,30,1,0,14.203,14.203,0,33.7629,19.9377,idle,-11.8678,-11.6889,-11.4714,-11.2985,-11.4546,0.4,
131723,RUNNING,-11.6611,-11.5042,13.8375,14.5135,120.0,0,0.0,31,1,0,14.5135,14.5135,0,32.9719,19.9377,idle,-11.8678,-11.7081,-11.5234,-11.3683,-11.5042,0.4,
131825,RUNNING,-12.4132,-11.9421,15.525,14.5135,176.11,0,0.0,32,1,0,14.5135,14.5135,0,34.2024,19.9377,idle,-12.691,-12.2094,-12.228,-11.7639,-11.9421,0.4,
131929,RUNNING,-12.0183,-11.8397,15.3,17.3717,-116.37,0,0.0,10,1,0,17.3717,17.3717,0,34.554,19.9377,idle,-12.2794,-12.0969,-11.8442,-11.6682,-11.8397,0.4,
132031,RUNNING,-12.0144,-11.927,15.4125,15.0371,3.63,0,0.0,31,1,0,15.0371,15.0371,0,34.2024,19.9377,idle,-12.2794,-12.19,-11.8378,-11.7516,-11.927,0.4,
132132,RUNNING,-10.8199,-11.3697,14.9625,14.8602,0.0,0,0.0,31,1,0,14.8602,14.8602,0,34.2024,19.9377,idle,-11.0446,-11.6058,-10.6701,-11.2123,-11.3697,0.4,
132234,RUNNING,-9.1281,-10.3345,13.3875,13.883,-120.0,0,0.0,31,1,0,13.883,13.883,0,32.7083,19.9377,idle,-9.2794,-10.5058,-9.0272,-10.2203,-10.3345,0.4,
132335,RUNNING,-9.1477,-9.7401,12.4875,13.1151,0.0,0,0.0,31,1,0,13.1151,13.1151,0,31.6536,19.9377,idle,-9.2794,-9.8803,-9.0599,-9.6466,-9.7401,0.4,
132435,RUNNING,-7.9404,-8.8283,11.925,12.3045,-120.0,0,0.0,31,1,0,12.3045,12.3045,0,31.302,19.9377,idle,-8.0446,-8.9441,-7.871,-8.7511,-8.8283,0.4,
132537,RUNNING,-6.6169,-8.1766,11.025,11.2513,155.35,0,0.0,80,1,1,11.2513,11.2513,0,29.8958,19.9377,idle,-6.691,-8.2682,-6.5675,-8.1156,-8.1766,0.4,
132638,RUNNING,-6.6108,-8.169,11.475,11.3912,0.0,0,0.0,181,1,4,11.3912,11.3912,0,30.511,19.9377,idle,-6.691,-8.2682,-6.5573,-8.1029,-8.169,0.4,
132740,RUNNING,-6.6108,-8.169,11.475,11.4463,0.0,0,0.0,282,1,6,11.4463,11.4463,0,30.511,19.9377,idle,-6.691,-8.2682,-6.5573,-8.1029,-8.169,0.4,
132840,RUNNING,-6.6108,-8.169,11.475,11.4574,0.0,0,0.0,383,0,8,11.4574,11.4574,0,30.511,19.9377,idle,-6.691,-8.2682,-6.5573,-8.1029,-8.169,0.4,
132940,RUNNING,-6.6108,-8.169,11.475,11.4574,0.0,0,0.0,483,0,11,11.4574,11.4574,0,30.511,19.9377,idle,-6.691,-8.2682,-6.5573,-8.1029,-8.169,0.4,
133041,RUNNING,-6.6108,-8.169,11.475,11.4574,0.0,0,0.0,585,0,12,11.4574,11.4574,0,30.511,19.9377,idle,-6.691,-8.2682,-6.5573,-8.1029,-8.169,0.4,
133142,RUNNING,-3.6573,-5.8796,10.0125,9.1068,-310.82,0,0.0,32,1,0,9.1068,9.1068,0,29.3684,19.9377,idle,-3.691,-5.9338,-3.6348,-5.8434,-5.8796,0.4,
133243,RUNNING,-2.1813,-4.3207,6.975,7.2948,-190.82,0,0.0,32,1,0,7.2948,7.2948,0,26.2922,19.9377,idle,-2.191,-4.34,-2.1748,-4.3079,-4.3207,0.4,
133345,RUNNING,-0.6892,-2.4727,5.2875,5.1593,-70.82,0,0.0,32,1,0,5.1593,5.1593,0,24.4465,19.9377,idle,-0.691,-2.479,-0.6881,-2.4685,-2.4727,0.4,
133446,RUNNING,-0.6894,-2.4732,5.0625,5.1555,0.0,0,0.0,133,1,2,5.1555,5.1555,0,24.0071,19.9377,idle,-0.691,-2.479,-0.6883,-2.4693,-2.4732,0.4,
133547,RUNNING,-0.6894,-2.4732,5.0625,5.1722,0.0,0,0.0,233,1,4,5.1722,5.1722,0,24.0071,19.9377,idle,-0.691,-2.479,-0.6883,-2.4693,-2.4732,0.4,
133647,RUNNING,-0.6894,-2.4732,5.0625,5.1889,0.0,0,0.0,333,1,6,5.1889,5.1889,0,24.0071,19.9377,idle,-0.691,-2.479,-0.6883,-2.4693,-2.4732,0.4,
133747,RUNNING,2.3041,-1.0404,4.8375,3.5851,-240.0,0,0.0,32,1,0,3.5851,3.5851,0,23.9192,19.9377,idle,2.309,-1.0426,2.3008,-1.0389,-1.0404,0.4,
133849,RUNNING,4.0128,1.9059,0.9,-18.9,-452.4,0,0.0,12,1,0,-22.5969,-18.9,1,20.1399,19.9377,idle,4.0131,1.906,4.0126,1.9058,1.9059,0.4,
133950,RUNNING,4.008,2.8546,-3.7125,-0.7771,-332.4,0,0.0,31,1,0,-0.7771,-0.7771,0,15.5696,19.9377,idle,4.0131,2.8582,4.0047,2.8522,2.8546,0.4,
134051,RUNNING,3.9975,3.5558,-6.525,-1.6076,27.6,0,0.0,32,1,0,-1.6076,-1.6076,0,12.4055,19.9377,idle,4.0131,3.5696,3.9871,3.5465,3.5558,0.4,
134153,RUNNING,3.3232,3.4634,-3.6,-1.6262,458.84,0,0.0,32,1,0,-1.6262,-1.6262,0,14.5149,19.9377,idle,3.3271,3.4676,3.3205,3.4607,3.4634,0.4,
134254,RUNNING,3.2241,3.3433,0.5625,-1.4366,98.84,0,0.0,31,1,0,-1.4366,-1.4366,0,19.1731,19.9377,idle,3.2242,3.3434,3.224,3.3433,3.3433,0.4,
134355,RUNNING,1.596,2.7507,1.125,-0.7913,-21.16,0,0.0,30,1,0,-0.7913,-0.7913,0,19.8762,19.9377,idle,1.5962,2.751,1.5959,2.7505,2.7507,0.4,
134457,RUNNING,1.5962,2.162,0.5625,-0.1466,-141.16,0,0.0,31,1,0,-0.1466,-0.1466,0,19.4368,19.9377,idle,1.5962,2.1621,1.5961,2.162,2.162,0.4,
134558,RUNNING,1.0131,1.6226,0.0,0.4473,218.44,0,0.0,31,1,0,0.4473,0.4473,0,18.5579,19.9377,idle,1.0131,1.6226,1.0131,1.6226,1.6226,0.4,
134660,RUNNING,0.3429,1.0561,1.9125,1.0801,98.44,0,0.0,32,1,0,1.0801,1.0801,0,20.4036,19.9377,idle,0.343,1.0565,0.3428,1.0559,1.0561,0.4,
134760,RUNNING,-0.8223,-0.0245,3.4875,10.9449,218.44,0,0.0,10,1,0,10.9449,10.9449,0,22.2493,19.9377,idle,-0.8232,-0.0245,-0.8217,-0.0245,-0.0245,0.4,
134861,RUNNING,-1.2999,-0.6318,5.4,2.9682,98.44,0,0.0,31,1,0,2.9682,2.9682,0,24.0071,19.9377,idle,-1.3034,-0.6335,-1.2976,-0.6307,-0.6318,0.4,
134963,RUNNING,-1.2995,-0.9722,5.7375,3.3608,-21.56,0,0.0,31,1,0,3.3608,3.3608,0,24.4465,19.9377,idle,-1.3034,-0.9752,-1.2969,-0.9703,-0.9722,0.4,
135065,RUNNING,-2.1898,-1.5498,5.175,4.0224,-141.56,0,0.0,33,1,0,4.0224,4.0224,0,24.095,19.9377,idle,-2.1952,-1.5536,-2.1863,-1.5473,-1.5498,0.4,
135166,RUNNING,-2.7699,-2.1447,4.8375,4.6995,0.0,0,0.0,21,1,0,4.6995,4.6995,0,23.7434,19.9377,idle,-2.7758,-2.1493,-2.7659,-2.1417,-2.1447,0.4,
135267,RUNNING,-3.55,-2.5662,4.95,5.1817,157.2,0,0.0,31,1,0,5.1817,5.1817,0,23.7434,19.9377,idle,-3.558,-2.5719,-3.5447,-2.5623,-2.5662,0.4,
135368,RUNNING,-4.283,-3.5725,7.2,14.0199,277.2,0,0.0,11,1,0,14.0199,14.0199,0,25.9407,19.9377,idle,-4.3034,-3.5895,-4.2695,-3.5612,-3.5725,0.4,
135472,RUNNING,-4.1812,-3.8808,9.9,6.6229,127.17,0,0.0,31,1,0,6.6229,6.6229,0,28.4895,19.9377,idle,-4.2189,-3.9158,-4.1561,-3.8575,-3.8808,0.4,
135573,RUNNING,-4.5963,-4.2071,9.0,11.4551,-232.83,0,0.0,10,1,0,11.4551,11.4551,0,28.2258,19.9377,idle,-4.6305,-4.2384,-4.5735,-4.1862,-4.2071,0.4,
135674,RUNNING,-4.9863,-4.6109,6.8625,7.5993,139.78,0,0.0,29,1,0,7.5993,7.5993,0,25.8528,19.9377,idle,-5.0078,-4.6308,-4.9719,-4.5976,-4.6109,0.4,
135776,RUNNING,-4.605,-4.6053,7.7625,7.624,0.0,0,0.0,31,1,0,7.624,7.624,0,26.6438,19.9377,idle,-4.6305,-4.6307,-4.5881,-4.5883,-4.6053,0.4,
135876,RUNNING,-3.9594,-4.3274,7.3125,7.375,0.0,0,0.0,33,1,0,7.375,7.375,0,26.468,19.9377,idle,-3.9788,-4.3487,-3.9464,-4.3133,-4.3274,0.4,
135976,RUNNING,-4.369,-4.2995,7.3125,8.0921,120.0,0,0.0,11,1,0,8.0921,8.0921,0,26.2922,19.9377,idle,-4.3904,-4.3206,-4.3547,-4.2855,-4.2995,0.4,
136077,RUNNING,-3.8234,-4.057,7.2,7.1249,0.0,0,0.0,30,1,0,7.1249,7.1249,0,26.3801,19.9377,idle,-3.8416,-4.0763,-3.8113,-4.0442,-4.057,0.4,
136177,RUNNING,-2.3938,-3.2194,5.7375,6.2475,-203.85,0,0.0,31,1,0,6.2475,6.2475,0,25.0618,19.9377,idle,-2.401,-3.2291,-2.389,-3.2129,-3.2194,0.4,
136280,RUNNING,-2.0551,-2.6569,3.9375,5.5851,-83.85,0,0.0,32,1,0,5.5851,5.5851,0,23.1282,19.9377,idle,-2.058,-2.6607,-2.0531,-2.6544,-2.6569,0.4,
136381,RUNNING,-1.39,-2.1524,1.8,5.0137,36.15,0,0.0,62,1,0,5.0137,5.0137,0,20.7551,19.9377,idle,-1.3904,-2.153,-1.3897,-2.152,-2.1524,0.4,
136482,RUNNING,-1.3878,-2.149,4.5,4.9839,265.57,0,0.0,163,1,3,4.9839,4.9839,0,23.0403,19.9377,idle,-1.3904,-2.153,-1.3861,-2.1464,-2.149,0.4,
136584,RUNNING,-0.8556,-1.568,4.95,4.3956,-243.17,0,0.0,32,1,0,4.3956,4.3956,0,24.095,19.9377,idle,-0.8575,-1.5715,-0.8543,-1.5657,-1.568,0.4,
136686,RUNNING,-0.0343,-0.8265,1.575,-5.0353,-363.17,0,0.0,11,1,0,-5.0353,-5.0353,0,20.7551,19.9377,idle,-0.0343,-0.8266,-0.0343,-0.8263,-0.8265,0.4,
136787,RUNNING,1.2595,0.0089,-1.9125,2.6154,-243.17,0,0.0,30,1,0,2.6154,2.6154,0,17.1516,19.9377,idle,1.2599,0.0089,1.2592,0.0089,0.0089,0.4,
136889,RUNNING,1.7623,0.9067,-4.275,1.6109,-123.17,0,0.0,31,1,0,1.6109,1.6109,0,14.8665,19.9377,idle,1.7652,0.9082,1.7603,0.9057,0.9067,0.4,
136989,RUNNING,1.7631,1.2665,-3.6,1.1843,236.83,0,0.0,32,1,0,1.1843,1.1843,0,15.0422,19.9377,idle,1.7652,1.268,1.7617,1.2655,1.2665,0.4,
137092,RUNNING,2.058,1.6166,-0.3375,0.7828,345.69,0,0.0,32,1,0,0.7828,0.7828,0,18.1184,19.9377,idle,2.058,1.6166,2.058,1.6166,1.6166,0.4,
137193,RUNNING,3.1711,2.5472,1.125,-0.2804,-254.31,0,0.0,22,1,0,-0.2804,-0.2804,0,20.1399,19.9377,idle,3.1715,2.5475,3.1709,2.547,2.5472,0.4,
137294,RUNNING,4.2573,3.1903,-2.5875,-0.9917,-280.41,0,0.0,32,1,0,-0.9917,-0.9917,0,16.7122,19.9377,idle,4.2599,3.1923,4.2556,3.189,3.1903,0.4,
137396,RUNNING,4.2558,3.1892,-3.2625,-1.0635,319.59,0,0.0,134,1,2,-1.0635,-1.0635,0,15.218,19.9377,idle,4.2599,3.1923,4.253,3.1871,3.1892,0.4,
137497,RUNNING,4.2598,3.1922,-0.45,-1.0672,-78.35,0,0.0,235,1,4,-1.0672,-1.0672,0,18.2063,19.9377,idle,4.2599,3.1923,4.2598,3.1922,3.1922,0.4,
137598,RUNNING,4.2593,3.1918,-1.2375,-1.0864,0.0,0,0.0,336,1,6,-1.0864,-1.0864,0,17.5911,19.9377,idle,4.2599,3.1923,4.2589,3.1915,3.1918,0.4,
137698,RUNNING,4.2593,3.1918,-1.2375,-1.095,0.0,0,0.0,436,0,8,-1.095,-1.095,0,17.5911,19.9377,idle,4.2599,3.1923,4.2589,3.1915,3.1918,0.4,
137798,RUNNING,4.2593,3.1918,-1.2375,-1.095,0.0,0,0.0,536,0,10,-1.095,-1.095,0,17.5911,19.9377,idle,4.2599,3.1923,4.2589,3.1915,3.1918,0.4,
137899,RUNNING,4.2593,3.1918,-1.2375,-1.095,0.0,0,0.0,636,0,13,-1.095,-1.095,0,17.5911,19.9377,idle,4.2599,3.1923,4.2589,3.1915,3.1918,0.4,
137999,RUNNING,4.2593,3.1918,-1.2375,-1.095,0.0,0,0.0,736,0,14,-1.095,-1.095,0,17.5911,19.9377,idle,4.2599,3.1923,4.2589,3.1915,3.1918,0.4,
138099,RUNNING,4.2593,3.1918,-1.2375,-1.095,0.0,0,0.0,836,0,16,-1.095,-1.095,0,17.5911,19.9377,idle,4.2599,3.1923,4.2589,3.1915,3.1918,0.4,
138200,RUNNING,4.9385,3.7158,-1.2375,-14.9535,-120.0,0,0.0,13,1,0,-14.9535,-14.9535,0,17.5911,19.9377,idle,4.9392,3.7163,4.938,3.7155,3.7158,0.4,
138300,RUNNING,4.9375,3.7151,-1.9125,-1.7138,0.0,0,0.0,114,1,2,-1.7138,-1.7138,0,16.8879,19.9377,idle,4.9392,3.7163,4.9364,3.7143,3.7151,0.4,
138400,RUNNING,4.9375,3.7151,-1.9125,-1.7389,0.0,0,0.0,214,1,4,-1.7389,-1.7389,0,16.8879,19.9377,idle,4.9392,3.7163,4.9364,3.7143,3.7151,0.4,
138502,RUNNING,3.3003,3.9286,-2.3625,4.8096,120.0,0,0.0,13,1,0,4.8096,4.8096,0,16.4485,19.9377,idle,3.302,3.9306,3.2992,3.9273,3.9286,0.4,
138602,RUNNING,3.3008,3.8948,-2.025,-2.0041,0.0,0,0.0,32,1,0,-2.0041,-2.0041,0,16.6243,19.9377,idle,3.302,3.8962,3.2999,3.8938,3.8948,0.4,
138702,RUNNING,1.9385,3.4692,-2.025,-1.5502,225.04,0,0.0,32,1,0,-1.5502,-1.5502,0,16.6243,19.9377,idle,1.9392,3.4705,1.938,3.4683,3.4692,0.4,
138804,RUNNING,1.9984,2.6722,1.125,6.6497,345.04,0,0.0,12,1,0,6.6497,6.6497,0,19.6125,19.9377,idle,1.9986,2.6725,1.9982,2.672,2.6722,0.4,
138905,RUNNING,2.1921,2.3969,3.9375,-0.3641,-14.96,0,0.0,32,1,0,-0.3641,-0.3641,0,22.6887,19.9377,idle,2.1952,2.4003,2.19,2.3946,2.3969,0.4,
139006,RUNNING,2.0575,2.2251,1.6875,-0.2128,-425.12,0,0.0,30,1,0,-0.2128,-0.2128,0,20.843,19.9377,idle,2.058,2.2257,2.0571,2.2247,2.2251,0.4,
139108,RUNNING,2.0579,2.0825,-0.5625,-0.0504,172.45,0,0.0,32,1,0,-0.0504,-0.0504,0,18.2063,19.9377,idle,2.058,2.0826,2.0579,2.0825,2.0825,0.4,
139209,RUNNING,1.7835,1.93,0.7875,0.1103,52.45,0,0.0,32,1,0,0.1103,0.1103,0,19.4368,19.9377,idle,1.7836,1.9301,1.7834,1.9299,1.93,0.4,
139312,RUNNING,1.6464,1.8449,0.45,0.1898,-166.61,0,0.0,73,1,1,0.1898,0.1898,0,19.5247,19.9377,idle,1.6464,1.845,1.6463,1.8449,1.8449,0.4,
139412,RUNNING,1.6464,1.845,0.0,0.1791,0.0,0,0.0,174,1,3,0.1791,0.1791,0,18.9094,19.9377,idle,1.6464,1.845,1.6464,1.845,1.845,0.4,
139512,RUNNING,0.4115,1.1137,1.4625,0.9967,214.58,0,0.0,33,1,0,0.9967,0.9967,0,19.8762,19.9377,idle,0.4116,1.114,0.4115,1.1136,1.1137,0.4,
139614,RUNNING,-0.137,0.7378,3.4875,1.4103,-145.42,0,0.0,95,1,1,1.4103,1.4103,0,22.3372,19.9377,idle,-0.1372,0.7386,-0.1369,0.7372,0.7378,0.4,
139715,RUNNING,-0.1372,0.7386,0.9,1.4033,4.46,0,0.0,196,1,4,1.4033,1.4033,0,19.9641,19.9377,idle,-0.1372,0.7386,-0.1372,0.7385,0.7386,0.4,
139815,RUNNING,-0.1372,0.7385,1.2375,1.3996,0.0,0,0.0,296,1,6,1.3996,1.3996,0,20.052,19.9377,idle,-0.1372,0.7386,-0.1372,0.7384,0.7385,0.4,
139915,RUNNING,-0.1372,0.7385,1.2375,1.3976,0.0,0,0.0,396,0,8,1.3976,1.3976,0,20.052,19.9377,idle,-0.1372,0.7386,-0.1372,0.7384,0.7385,0.4,
140015,RUNNING,-0.1372,0.7385,1.2375,1.3976,0.0,0,0.0,496,0,10,1.3976,1.3976,0,20.052,19.9377,idle,-0.1372,0.7386,-0.1372,0.7384,0.7385,0.4,
140115,RUNNING,-0.1372,0.7385,1.2375,1.3976,0.0,0,0.0,596,0,11,1.3976,1.3976,0,20.052,19.9377,idle,-0.1372,0.7386,-0.1372,0.7384,0.7385,0.4,
140215,RUNNING,-2.8782,-1.6552,3.375,17.3549,389.77,0,0.0,11,1,0,17.3549,17.3549,0,21.8977,19.9377,idle,-2.8812,-1.6569,-2.8762,-1.654,-1.6552,0.4,
140316,RUNNING,-1.1612,-1.5799,6.8625,4.0009,29.77,0,0.0,31,1,0,4.0009,4.0009,0,25.5012,19.9377,idle,-1.1662,-1.5867,-1.1578,-1.5753,-1.5799,0.4,
140419,RUNNING,-1.1638,-1.3551,4.725,3.8128,-330.23,0,0.0,32,1,0,3.8128,3.8128,0,24.095,19.9377,idle,-1.1662,-1.3578,-1.1622,-1.3532,-1.3551,0.4,
140521,RUNNING,-1.0288,-1.1805,1.35,3.5932,29.77,0,0.0,23,1,0,3.5932,3.5932,0,20.3157,19.9377,idle,-1.029,-1.1807,-1.0287,-1.1804,-1.1805,0.4,
140622,RUNNING,0.0845,-0.5424,2.1375,2.8783,149.77,0,0.0,32,1,0,2.8783,2.8783,0,20.7551,19.9377,idle,0.0845,-0.5426,0.0844,-0.5423,-0.5424,0.4,
140724,RUNNING,1.0285,0.3586,2.3625,-5.401,-120.0,0,0.0,12,1,0,-5.401,-5.401,0,21.1946,19.9377,idle,1.029,0.3588,1.0281,0.3585,0.3586,0.4,
140825,RUNNING,1.029,0.8696,0.1125,1.2846,-170.8,0,0.0,32,1,0,1.2846,1.2846,0,19.261,19.9377,idle,1.029,0.8696,1.029,0.8696,0.8696,0.4,
140925,RUNNING,1.8335,1.3611,-1.35,0.7271,-50.8,0,0.0,31,1,0,0.7271,0.7271,0,17.679,19.9377,idle,1.8338,1.3614,1.8333,1.361,1.3611,0.4,
141026,RUNNING,3.0496,2.2156,-1.4625,-0.2478,69.2,0,0.0,32,1,0,-0.2478,-0.2478,0,17.3274,19.9377,idle,3.0502,2.216,3.0492,2.2153,2.2156,0.4,
141127,RUNNING,3.1372,2.6675,-0.3375,-0.7753,-78.6,0,0.0,32,1,0,-0.7753,-0.7753,0,18.47,19.9377,idle,3.1372,2.6675,3.1371,2.6675,2.6675,0.4,
141230,RUNNING,3.137,2.6674,-0.7875,-0.7907,0.0,0,0.0,134,1,2,-0.7907,-0.7907,0,18.2063,19.9377,idle,3.1372,2.6675,3.1369,2.6673,2.6674,0.4,
141330,RUNNING,4.0286,3.0757,-1.0125,-1.2682,-165.14,0,0.0,21,1,0,-1.2682,-1.2682,0,17.8547,19.9377,idle,4.029,3.076,4.0284,3.0755,3.0757,0.4,
141431,RUNNING,4.0282,3.0754,-1.4625,-1.2915,0.0,0,0.0,122,1,2,-1.2915,-1.2915,0,17.1516,19.9377,idle,4.029,3.076,4.0277,3.075,3.0754,0.4,
141532,RUNNING,4.0282,3.0754,-1.4625,-1.3122,0.0,0,0.0,222,1,4,-1.3122,-1.3122,0,17.1516,19.9377,idle,4.029,3.076,4.0277,3.075,3.0754,0.4,
141632,RUNNING,4.0282,3.0754,-1.4625,-1.333,0.0,0,0.0,322,1,6,-1.333,-1.333,0,17.1516,19.9377,idle,4.029,3.076,4.0277,3.075,3.0754,0.4,
141732,RUNNING,4.0282,3.0754,-1.4625,-1.333,0.0,0,0.0,422,0,9,-1.333,-1.333,0,17.1516,19.9377,idle,4.029,3.076,4.0277,3.075,3.0754,0.4,
141832,RUNNING,4.0282,3.0754,-1.4625,-1.333,0.0,0,0.0,523,0,9,-1.333,-1.333,0,17.1516,19.9377,idle,4.029,3.076,4.0277,3.075,3.0754,0.4,
141932,RUNNING,4.0282,3.0754,-1.4625,-1.333,0.0,0,0.0,623,0,12,-1.333,-1.333,0,17.1516,19.9377,idle,4.029,3.076,4.0277,3.075,3.0754,0.4,
142032,RUNNING,4.0282,3.0754,-1.4625,-1.333,0.0,0,0.0,723,0,14,-1.333,-1.333,0,17.1516,19.9377,idle,4.029,3.076,4.0277,3.075,3.0754,0.4,
142132,RUNNING,4.0282,3.0754,-1.4625,-1.333,0.0,0,0.0,823,0,17,-1.333,-1.333,0,17.1516,19.9377,idle,4.029,3.076,4.0277,3.075,3.0754,0.4,
142233,RUNNING,4.5248,4.0978,-2.5875,-7.1222,-240.0,0,0.0,1,1,0,-7.1222,-7.1222,0,16.3606,19.9377,idle,4.5276,4.1003,4.523,4.0961,4.0978,0.4,
142334,RUNNING,4.5235,4.192,-3.15,-2.638,120.0,0,0.0,21,1,0,-2.638,-2.638,0,15.4817,19.9377,idle,4.5276,4.1958,4.5208,4.1894,4.192,0.4,
142435,RUNNING,4.5268,4.2418,-1.35,-2.7254,-71.08,0,0.0,32,1,0,-2.7254,-2.7254,0,17.1516,19.9377,idle,4.5276,4.2425,4.5263,4.2414,4.2418,0.4,
142536,RUNNING,3.4277,3.9408,-2.7,-2.4006,48.92,0,0.0,32,1,0,-2.4006,-2.4006,0,16.1848,19.9377,idle,3.43,3.9434,3.4262,3.939,3.9408,0.4,
142638,RUNNING,3.4286,3.7664,-2.1375,-2.25,0.0,0,0.0,31,1,0,-2.25,-2.25,0,16.3606,19.9377,idle,3.43,3.768,3.4276,3.7654,3.7664,0.4,
142738,RUNNING,3.4291,3.5803,-1.6875,-2.063,0.0,0,0.0,32,1,0,-2.063,-2.063,0,16.8,19.9377,idle,3.43,3.5812,3.4285,3.5797,3.5803,0.4,
142838,RUNNING,1.5274,2.3749,-1.2375,8.4746,120.0,0,0.0,11,1,0,8.4746,8.4746,0,17.3274,19.9377,idle,1.5276,2.3752,1.5272,2.3747,2.3749,0.4,
142940,RUNNING,1.1661,1.7584,1.125,-0.035,174.93,0,0.0,31,1,0,-0.035,-0.035,0,19.5247,19.9377,idle,1.1662,1.7586,1.166,1.7583,1.7584,0.4,
143041,RUNNING,0.7536,1.1286,3.7125,4.7373,294.93,0,0.0,10,1,0,4.7373,4.7373,0,22.2493,19.9377,idle,0.7546,1.13,0.753,1.1277,1.1286,0.4,
143141,RUNNING,0.4286,0.7705,5.9625,1.0593,-65.07,0,0.0,29,1,0,1.0593,1.0593,0,24.6223,19.9377,idle,0.43,0.773,0.4277,0.7688,0.7705,0.4,
143242,RUNNING,-0.5482,0.3003,3.375,1.5789,-425.07,0,0.0,31,1,0,1.5789,1.5789,0,22.5129,19.9377,idle,-0.5488,0.3006,-0.5479,0.3001,0.3003,0.4,
143343,RUNNING,-0.0,0.032,1.125,1.8835,174.93,0,0.0,31,1,0,1.8835,1.8835,0,19.7883,19.9377,idle,-0.0,0.032,-0.0,0.032,0.032,0.4,
143443,RUNNING,-1.6455,-0.478,2.475,2.4572,0.0,0,0.0,30,1,0,2.4572,2.4572,0,20.9309,19.9377,idle,-1.6464,-0.4782,-1.6449,-0.4778,-0.478,0.4,
143544,RUNNING,-1.6451,-1.0732,2.925,3.1306,0.0,0,0.0,32,1,0,3.1306,3.1306,0,21.3704,19.9377,idle,-1.6464,-1.074,-1.6443,-1.0726,-1.0732,0.4,
143644,RUNNING,-0.4798,-0.9289,2.925,2.9814,0.0,0,0.0,32,1,0,2.9814,2.9814,0,21.8098,19.9377,idle,-0.4802,-0.9296,-0.4796,-0.9284,-0.9289,0.4,
143745,RUNNING,-0.0686,-0.5766,2.475,2.5887,0.0,0,0.0,31,1,0,2.5887,2.5887,0,21.3704,19.9377,idle,-0.0686,-0.5769,-0.0685,-0.5764,-0.5766,0.4,
143845,RUNNING,-0.0686,-0.3176,2.025,2.2992,0.0,0,0.0,32,1,0,2.2992,2.2992,0,20.9309,19.9377,idle,-0.0686,-0.3177,-0.0686,-0.3175,-0.3176,0.4,
143945,RUNNING,-0.4799,-0.4242,2.475,3.0255,120.0,0,0.0,11,1,0,3.0255,3.0255,0,21.1067,19.9377,idle,-0.4802,-0.4245,-0.4798,-0.4241,-0.4242,0.4,
144048,RUNNING,-0.4799,-0.4526,2.475,2.4566,0.0,0,0.0,31,1,0,2.4566,2.4566,0,21.1946,19.9377,idle,-0.4802,-0.4529,-0.4798,-0.4525,-0.4526,0.4,
144148,RUNNING,-0.5484,-0.5055,2.7,2.9847,120.0,0,0.0,11,1,0,2.9847,2.9847,0,21.3704,19.9377,idle,-0.5488,-0.5058,-0.5482,-0.5053,-0.5055,0.4,
144248,RUNNING,-0.5484,-0.5274,2.8125,2.5469,-120.0,0,0.0,31,1,0,2.5469,2.5469,0,21.5461,19.9377,idle,-0.5488,-0.5277,-0.5481,-0.5271,-0.5274,0.4,
144349,RUNNING,-1.3024,-0.8218,2.925,2.8803,0.0,0,0.0,31,1,0,2.8803,2.8803,0,21.3704,19.9377,idle,-1.3034,-0.8225,-1.3017,-0.8214,-0.8218,0.4,
144449,RUNNING,-0.8911,-0.9435,2.925,3.0289,0.0,0,0.0,32,1,0,3.0289,3.0289,0,21.8098,19.9377,idle,-0.8918,-0.9443,-0.8906,-0.943,-0.9435,0.4,
144549,RUNNING,-0.8228,-0.8965,2.3625,2.9815,0.0,0,0.0,32,1,0,2.9815,2.9815,0,21.2825,19.9377,idle,-0.8232,-0.8969,-0.8225,-0.8962,-0.8965,0.4,
144650,RUNNING,-0.8226,-0.8587,2.8125,2.9413,0.0,0,0.0,32,1,0,2.9413,2.9413,0,21.2825,19.9377,idle,-0.8232,-0.8593,-0.8222,-0.8583,-0.8587,0.4,
144750,RUNNING,-0.8226,-0.8403,2.8125,2.9276,0.0,0,0.0,33,1,0,2.9276,2.9276,0,21.2825,19.9377,idle,-0.8232,-0.8409,-0.8222,-0.8399,-0.8403,0.4,
144850,RUNNING,0.8228,0.0061,2.3625,-6.8813,-120.0,0,0.0,12,1,0,-6.8813,-6.8813,0,20.843,19.9377,idle,0.8232,0.0061,0.8225,0.0061,0.0061,0.4,
144951,RUNNING,1.6463,0.8426,0.675,1.0311,-200.6,0,0.0,31,1,0,1.0311,1.0311,0,19.5247,19.9377,idle,1.6464,0.8426,1.6463,0.8426,0.8426,0.4,
145052,RUNNING,1.6462,1.3388,-1.125,0.47,-80.6,0,0.0,31,1,0,0.47,0.47,0,17.5032,19.9377,idle,1.6464,1.339,1.6461,1.3387,1.3388,0.4,
145153,RUNNING,2.0575,1.7053,-1.575,0.0473,39.4,0,0.0,31,1,0,0.0473,0.0473,0,17.0637,19.9377,idle,2.058,1.7057,2.0572,1.705,1.7053,0.4,
145253,RUNNING,3.1549,2.3624,-1.575,-9.3067,-80.6,0,0.0,12,1,0,-9.3067,-9.3067,0,16.8,19.9377,idle,3.1556,2.363,3.1544,2.3621,2.3624,0.4,
145354,RUNNING,3.7033,2.931,-1.8,-1.3633,39.4,0,0.0,32,1,0,-1.3633,-1.3633,0,16.7122,19.9377,idle,3.7044,2.9318,3.7026,2.9304,2.931,0.4,
145457,RUNNING,4.2519,3.4895,-1.8,-2.0073,-80.6,0,0.0,32,1,0,-2.0073,-2.0073,0,16.8879,19.9377,idle,4.2532,3.4905,4.2511,3.4888,3.4895,0.4,
145558,RUNNING,4.6599,4.0302,-3.375,-9.4685,-200.6,0,0.0,11,1,0,-9.4685,-9.4685,0,15.218,19.9377,idle,4.6648,4.0344,4.6567,4.0274,4.0302,0.4,
145659,RUNNING,4.6609,4.031,-3.0375,-2.7203,183.95,0,0.0,112,1,2,-2.7203,-2.7203,0,15.0422,19.9377,idle,4.6648,4.0344,4.6582,4.0287,4.031,0.4,
145761,RUNNING,4.6617,4.0317,-2.7,-2.6949,0.0,0,0.0,214,1,4,-2.6949,-2.6949,0,15.9211,19.9377,idle,4.6648,4.0344,4.6596,4.0299,4.0317,0.4,
145862,RUNNING,4.6617,4.0317,-2.7,-2.733,0.0,0,0.0,315,1,6,-2.733,-2.733,0,15.8333,19.9377,idle,4.6648,4.0344,4.6596,4.0299,4.0317,0.4,
145963,RUNNING,4.6617,4.0317,-2.7,-2.7385,0.0,0,0.0,415,0,8,-2.7385,-2.7385,0,15.8333,19.9377,idle,4.6648,4.0344,4.6596,4.0299,4.0317,0.4,
146063,RUNNING,4.6617,4.0317,-2.7,-2.7385,0.0,0,0.0,515,0,11,-2.7385,-2.7385,0,15.8333,19.9377,idle,4.6648,4.0344,4.6596,4.0299,4.0317,0.4,
146163,RUNNING,4.6617,4.0317,-2.7,-2.7385,0.0,0,0.0,615,0,12,-2.7385,-2.7385,0,15.8333,19.9377,idle,4.6648,4.0344,4.6596,4.0299,4.0317,0.4,
146264,RUNNING,5.0039,4.323,-2.925,-3.0652,0.0,0,0.0,32,1,0,-3.0652,-3.0652,0,15.7454,19.9377,idle,5.0078,4.3264,5.0013,4.3208,4.323,0.4,
146364,RUNNING,5.2417,4.5974,-3.6,-3.4263,0.0,0,0.0,80,1,1,-3.4263,-3.4263,0,14.7786,19.9377,idle,5.2479,4.6029,5.2375,4.5938,4.5974,0.4,
146464,RUNNING,5.2417,4.5974,-3.6,-3.4486,0.0,0,0.0,180,1,4,-3.4486,-3.4486,0,14.8665,19.9377,idle,5.2479,4.6029,5.2375,4.5938,4.5974,0.4,
146567,RUNNING,5.2396,4.9331,-4.1625,-7.1628,-240.0,0,0.0,1,1,0,-7.1628,-7.1628,0,14.427,19.9377,idle,5.2479,4.9409,5.2341,4.9279,4.9331,0.4,
146667,RUNNING,4.52,4.8229,-4.275,-3.8247,219.17,0,0.0,22,1,0,-3.8247,-3.8247,0,13.7239,19.9377,idle,4.5276,4.831,4.515,4.8175,4.8229,0.4,
146768,RUNNING,4.1825,4.499,-2.3625,-3.4585,99.17,0,0.0,32,1,0,-3.4585,-3.4585,0,15.8333,19.9377,idle,4.1846,4.5013,4.181,4.4975,4.499,0.4,
146870,RUNNING,4.1832,4.2879,-1.9125,-3.2261,-120.0,0,0.0,32,1,0,-3.2261,-3.2261,0,16.5364,19.9377,idle,4.1846,4.2894,4.1823,4.287,4.2879,0.4,
146971,RUNNING,3.7017,4.0385,-2.8125,-2.9858,0.0,0,0.0,33,1,0,-2.9858,-2.9858,0,15.5696,19.9377,idle,3.7044,4.0415,3.6999,4.0366,4.0385,0.4,
147072,RUNNING,3.2911,3.5723,-2.3625,0.5757,120.0,0,0.0,11,1,0,0.5757,0.5757,0,16.009,19.9377,idle,3.2928,3.5741,3.29,3.571,3.5723,0.4,
147172,RUNNING,2.8805,3.3064,-1.575,-2.204,0.0,0,0.0,31,1,0,-2.204,-2.204,0,16.6243,19.9377,idle,2.8812,3.3071,2.8801,3.3059,3.3064,0.4,
147272,RUNNING,1.7144,2.739,-2.025,-1.5803,120.0,0,0.0,32,1,0,-1.5803,-1.5803,0,16.4485,19.9377,idle,1.715,2.7401,1.7139,2.7383,2.739,0.4,
147374,RUNNING,1.7148,2.289,-1.2375,-1.094,0.0,0,0.0,32,1,0,-1.094,-1.094,0,16.9758,19.9377,idle,1.715,2.2893,1.7146,2.2888,2.289,0.4,
147474,RUNNING,0.3614,1.4915,-0.225,12.0531,120.0,0,0.0,13,1,0,12.0531,12.0531,0,18.0305,19.9377,idle,0.3614,1.4915,0.3614,1.4915,1.4915,0.4,
147574,RUNNING,0.2928,0.8801,0.5625,0.4743,0.0,0,0.0,32,1,0,0.4743,0.4743,0,18.7336,19.9377,idle,0.2928,0.8802,0.2928,0.8801,0.8801,0.4,
147675,RUNNING,-0.8231,0.1594,1.0125,1.2817,169.47,0,0.0,31,1,0,1.2817,1.2817,0,19.261,19.9377,idle,-0.8232,0.1594,-0.8231,0.1593,0.1594,0.4,
147776,RUNNING,-0.941,-0.5212,3.4875,6.6001,289.47,0,0.0,10,1,0,6.6001,6.6001,0,21.634,19.9377,idle,-0.942,-0.5218,-0.9403,-0.5209,-0.5212,0.4,
147877,RUNNING,-1.709,-1.0508,6.1875,2.6313,169.47,0,0.0,30,1,0,2.6313,2.6313,0,24.2708,19.9377,idle,-1.715,-1.0544,-1.705,-1.0483,-1.0508,0.4,
147979,RUNNING,-2.047,-1.4863,7.65,3.1319,49.47,0,0.0,31,1,0,3.1319,3.1319,0,25.8528,19.9377,idle,-2.058,-1.4942,-2.0397,-1.4809,-1.4863,0.4,
148081,RUNNING,-2.0494,-1.6564,6.75,3.3821,-360.0,0,0.0,74,1,1,3.3821,3.3821,0,25.5012,19.9377,idle,-2.058,-1.6634,-2.0437,-1.6518,-1.6564,0.4,
148184,RUNNING,-2.9475,-2.1593,2.925,12.4891,-31.37,0,0.0,11,1,0,12.4891,12.4891,0,21.5461,19.9377,idle,-2.9498,-2.161,-2.946,-2.1582,-2.1593,0.4,
148285,RUNNING,-2.1911,-2.3326,4.5,4.1196,55.28,0,0.0,31,1,0,4.1196,4.1196,0,22.6887,19.9377,idle,-2.1952,-2.3369,-2.1884,-2.3297,-2.3326,0.4,
148386,RUNNING,-1.7819,-2.0527,3.2625,3.8631,-177.85,0,0.0,31,1,0,3.8631,3.8631,0,22.0735,19.9377,idle,-1.7836,-2.0547,-1.7807,-2.0514,-2.0527,0.4,
148488,RUNNING,-2.535,-2.2265,3.7125,4.0265,183.0,0,0.0,31,1,0,4.0265,4.0265,0,21.7219,19.9377,idle,-2.5382,-2.2293,-2.5329,-2.2246,-2.2265,0.4,
148590,RUNNING,-2.1563,-2.2688,4.8375,4.1187,-177.0,0,0.0,33,1,0,4.1187,4.1187,0,23.304,19.9377,idle,-2.1609,-2.2736,-2.1532,-2.2655,-2.2688,0.4,
148692,RUNNING,-1.7831,-1.9511,1.8,3.7774,-57.0,0,0.0,21,1,0,3.7774,3.7774,0,20.4036,19.9377,idle,-1.7836,-1.9517,-1.7827,-1.9507,-1.9511,0.4,
148794,RUNNING,-1.3031,-1.6207,1.575,3.4106,63.0,0,0.0,31,1,0,3.4106,3.4106,0,20.052,19.9377,idle,-1.3034,-1.6211,-1.3029,-1.6204,-1.6207,0.4,
148895,RUNNING,-2.3968,-2.0153,4.3875,3.8327,301.41,0,0.0,32,1,0,3.8327,3.8327,0,22.425,19.9377,idle,-2.401,-2.0188,-2.394,-2.0129,-2.0153,0.4,
148998,RUNNING,-0.8197,-1.7329,6.8625,3.549,-58.59,0,0.0,32,1,0,3.549,3.549,0,25.1497,19.9377,idle,-0.8232,-1.7404,-0.8173,-1.7279,-1.7329,0.4,
149099,RUNNING,-0.2055,-0.7801,3.825,-3.7156,-586.84,0,0.0,10,1,0,-3.7156,-3.7156,0,22.7766,19.9377,idle,-0.2058,-0.7811,-0.2053,-0.7794,-0.7801,0.4,
149200,RUNNING,-0.0,-0.4258,-1.9125,2.0994,-281.08,0,0.0,30,1,0,2.0994,2.0994,0,16.8,19.9377,idle,-0.0,-0.426,-0.0,-0.4257,-0.4258,0.4,
149302,RUNNING,-0.0,-0.298,-2.7,1.9622,318.92,0,0.0,72,1,1,1.9622,1.9622,0,15.3938,19.9377,idle,-0.0,-0.2982,-0.0,-0.2979,-0.298,0.4,
149403,RUNNING,-0.0,-0.2981,1.9125,1.9608,204.24,0,0.0,173,1,3,1.9608,1.9608,0,19.9641,19.9377,idle,-0.0,-0.2982,-0.0,-0.298,-0.2981,0.4,
149505,RUNNING,0.2057,-0.0411,1.6875,1.6746,-155.76,0,0.0,31,1,0,1.6746,1.6746,0,20.4036,19.9377,idle,0.2058,-0.0412,0.2057,-0.0411,-0.0411,0.4,
149606,RUNNING,1.0976,0.482,0.45,1.0837,-35.76,0,0.0,31,1,0,1.0837,1.0837,0,19.0852,19.9377,idle,1.0976,0.482,1.0976,0.482,0.482,0.4,
149706,RUNNING,3.1029,1.5829,0.3375,-0.1623,-155.76,0,0.0,32,1,0,-0.1623,-0.1623,0,18.8215,19.9377,idle,3.1029,1.5829,3.1028,1.5829,1.5829,0.4,
149809,RUNNING,3.2052,2.3885,-1.4625,-1.074,-191.73,0,0.0,32,1,0,-1.074,-1.074,0,17.1516,19.9377,idle,3.2058,2.389,3.2048,2.3882,2.3885,0.4,
149910,RUNNING,3.2053,2.3886,-1.2375,-1.1081,152.79,0,0.0,134,1,2,-1.1081,-1.1081,0,16.7122,19.9377,idle,3.2058,2.389,3.2051,2.3884,2.3886,0.4,
150011,RUNNING,4.0964,2.9007,-1.8,-1.679,-184.8,0,0.0,32,1,0,-1.679,-1.679,0,16.8879,19.9377,idle,4.0976,2.9016,4.0956,2.9001,2.9007,0.4,
150113,RUNNING,4.0967,2.9009,-1.575,-1.7229,61.08,0,0.0,134,1,2,-1.7229,-1.7229,0,16.5364,19.9377,idle,4.0976,2.9016,4.096,2.9005,2.9009,0.4,
150214,RUNNING,4.0962,2.9006,-1.9125,-1.7313,0.0,0,0.0,235,1,4,-1.7313,-1.7313,0,16.4485,19.9377,idle,4.0976,2.9016,4.0953,2.8999,2.9006,0.4,
150315,RUNNING,4.0962,2.9006,-1.9125,-1.7509,0.0,0,0.0,335,1,6,-1.7509,-1.7509,0,16.4485,19.9377,idle,4.0976,2.9016,4.0953,2.8999,2.9006,0.4,
150415,RUNNING,4.0962,2.9006,-1.9125,-1.7548,0.0,0,0.0,435,0,8,-1.7548,-1.7548,0,16.4485,19.9377,idle,4.0976,2.9016,4.0953,2.8999,2.9006,0.4,
150515,RUNNING,4.0962,2.9006,-1.9125,-1.7548,0.0,0,0.0,535,0,11,-1.7548,-1.7548,0,16.4485,19.9377,idle,4.0976,2.9016,4.0953,2.8999,2.9006,0.4,
150615,RUNNING,4.0962,2.9006,-1.9125,-1.7548,0.0,0,0.0,636,0,13,-1.7548,-1.7548,0,16.4485,19.9377,idle,4.0976,2.9016,4.0953,2.8999,2.9006,0.4,
150715,RUNNING,4.0962,2.9006,-1.9125,-1.7548,0.0,0,0.0,736,0,16,-1.7548,-1.7548,0,16.4485,19.9377,idle,4.0976,2.9016,4.0953,2.8999,2.9006,0.4,
150815,RUNNING,4.0962,2.9006,-1.9125,-1.7548,0.0,0,0.0,836,0,18,-1.7548,-1.7548,0,16.4485,19.9377,idle,4.0976,2.9016,4.0953,2.8999,2.9006,0.4,
150915,RUNNING,4.0962,2.9006,-1.9125,-1.7548,0.0,0,0.0,936,0,19,-1.7548,-1.7548,0,16.4485,19.9377,idle,4.0976,2.9016,4.0953,2.8999,2.9006,0.4,
151015,RUNNING,4.7976,3.8961,-3.15,-2.8656,-180.81,0,0.0,32,1,0,-2.8656,-2.8656,0,15.4817,19.9377,idle,4.802,3.8996,4.7947,3.8937,3.8961,0.4,
151116,RUNNING,4.7922,4.3222,-4.725,-3.3713,-60.81,0,0.0,32,1,0,-3.3713,-3.3713,0,13.7239,19.9377,idle,4.802,4.331,4.7857,4.3163,4.3222,0.4,
151218,RUNNING,3.7314,4.2152,-4.6125,-3.3424,299.19,0,0.0,32,1,0,-3.3424,-3.3424,0,13.2844,19.9377,idle,3.7387,4.2234,3.7266,4.2097,4.2152,0.4,
151319,RUNNING,3.6674,4.1183,-2.8125,-3.2429,4.85,0,0.0,31,1,0,-3.2429,-3.2429,0,15.3059,19.9377,idle,3.6701,4.1213,3.6657,4.1163,4.1183,0.4,
151419,RUNNING,3.2889,3.8682,-3.6,-2.9761,147.56,0,0.0,32,1,0,-2.9761,-2.9761,0,14.7786,19.9377,idle,3.2928,3.8727,3.2863,3.8651,3.8682,0.4,
151521,RUNNING,2.4693,3.3295,-1.2375,-2.4075,166.38,0,0.0,32,1,0,-2.4075,-2.4075,0,16.7122,19.9377,idle,2.4696,3.33,2.469,3.3292,3.3295,0.4,
151622,RUNNING,2.0923,2.6988,0.1125,-1.7047,46.38,0,0.0,31,1,0,-1.7047,-1.7047,0,18.2063,19.9377,idle,2.0923,2.6988,2.0923,2.6988,2.6988,0.4,
151723,RUNNING,2.058,2.5065,-0.45,-1.5042,-313.62,0,0.0,71,1,1,-1.5042,-1.5042,0,18.2063,19.9377,idle,2.058,2.5065,2.0579,2.5065,2.5065,0.4,
151824,RUNNING,1.5273,2.0606,-1.575,-1.0224,242.77,0,0.0,31,1,0,-1.0224,-1.0224,0,16.5364,19.9377,idle,1.5276,2.061,1.527,2.0603,2.0606,0.4,
151925,RUNNING,0.558,1.3501,0.675,-0.2292,122.77,0,0.0,31,1,0,-0.2292,-0.2292,0,18.8215,19.9377,idle,0.558,1.3502,0.558,1.3501,1.3501,0.4,
152028,RUNNING,-0.0343,0.6819,1.575,0.5159,2.77,0,0.0,31,1,0,0.5159,0.5159,0,19.7004,19.9377,idle,-0.0343,0.682,-0.0343,0.6818,0.6819,0.4,
152128,RUNNING,-0.8822,-0.229,2.3625,8.624,122.77,0,0.0,10,1,0,8.624,8.624,0,20.6672,19.9377,idle,-0.8826,-0.2292,-0.8819,-0.229,-0.229,0.4,
152229,RUNNING,-1.2152,-0.6619,3.2625,2.0269,2.77,0,0.0,30,1,0,2.0269,2.0269,0,21.3704,19.9377,idle,-1.2164,-0.6626,-1.2144,-0.6615,-0.6619,0.4,
152331,RUNNING,-1.3023,-0.9886,3.0375,2.4008,-117.23,0,0.0,32,1,0,2.4008,2.4008,0,21.3704,19.9377,idle,-1.3034,-0.9894,-1.3016,-0.988,-0.9886,0.4,
152433,RUNNING,-1.3711,-1.2299,2.7,4.2136,120.0,0,0.0,12,1,0,4.2136,4.2136,0,21.1067,19.9377,idle,-1.372,-1.2307,-1.3705,-1.2293,-1.2299,0.4,
152534,RUNNING,-2.6043,-1.6419,3.2625,3.1557,0.0,0,0.0,69,1,1,3.1557,3.1557,0,21.634,19.9377,idle,-2.6068,-1.6435,-2.6026,-1.6409,-1.6419,0.4,
152634,RUNNING,-2.6043,-1.6419,3.2625,3.1668,0.0,0,0.0,169,1,3,3.1668,3.1668,0,21.634,19.9377,idle,-2.6068,-1.6435,-2.6026,-1.6409,-1.6419,0.4,
152734,RUNNING,-2.6039,-2.1324,3.4875,8.8459,120.0,0,0.0,11,1,0,8.8459,8.8459,0,21.8977,19.9377,idle,-2.6068,-2.1348,-2.602,-2.1308,-2.1324,0.4,
152836,RUNNING,-2.6025,-2.3716,4.275,4.0052,0.0,0,0.0,31,1,0,4.0052,4.0052,0,22.6008,19.9377,idle,-2.6068,-2.3755,-2.5996,-2.3689,-2.3716,0.4,
152936,RUNNING,-2.2606,-2.3492,3.9375,3.066,-304.89,0,0.0,10,1,0,3.066,3.066,0,22.6887,19.9377,idle,-2.2638,-2.3525,-2.2585,-2.347,-2.3492,0.4,
153037,RUNNING,-2.2624,-2.5074,2.5875,4.2051,55.11,0,0.0,31,1,0,4.2051,4.2051,0,21.0188,19.9377,idle,-2.2638,-2.509,-2.2615,-2.5064,-2.5074,0.4,
153139,RUNNING,-2.2608,-2.3664,3.825,4.05,154.93,0,0.0,31,1,0,4.05,4.05,0,22.0735,19.9377,idle,-2.2638,-2.3695,-2.2588,-2.3643,-2.3664,0.4,
153241,RUNNING,-1.3702,-2.0166,3.825,3.6888,0.0,0,0.0,33,1,0,3.6888,3.6888,0,22.5129,19.9377,idle,-1.372,-2.0193,-1.3689,-2.0148,-2.0166,0.4,
153342,RUNNING,-2.1238,-1.9762,3.825,3.6404,0.0,0,0.0,21,1,0,3.6404,3.6404,0,22.1614,19.9377,idle,-2.1266,-1.9789,-2.1219,-1.9744,-1.9762,0.4,
153443,RUNNING,-1.3702,-1.811,3.825,3.4826,-191.12,0,0.0,32,1,0,3.4826,3.4826,0,22.425,19.9377,idle,-1.372,-1.8134,-1.3689,-1.8094,-1.811,0.4,
153544,RUNNING,-1.2343,-1.5177,2.1375,3.1636,-71.12,0,0.0,32,1,0,3.1636,3.1636,0,20.843,19.9377,idle,-1.2348,-1.5183,-1.2339,-1.5173,-1.5177,0.4,
153648,RUNNING,-0.3428,-1.0841,2.3625,-5.3657,-120.0,0,0.0,1,1,0,-5.3657,-5.3657,0,20.6672,19.9377,idle,-0.343,-1.0847,-0.3427,-1.0838,-1.0841,0.4,
153749,RUNNING,-0.3429,-0.8619,2.025,2.4321,208.39,0,0.0,63,1,0,2.4321,2.4321,0,20.3157,19.9377,idle,-0.343,-0.8622,-0.3428,-0.8616,-0.8619,0.4,
153850,RUNNING,-0.3428,-0.8617,2.3625,2.4406,0.0,0,0.0,164,1,3,2.4406,2.4406,0,20.7551,19.9377,idle,-0.343,-0.8622,-0.3427,-0.8614,-0.8617,0.4,
153951,RUNNING,-0.3428,-0.8617,2.3625,2.4453,0.0,0,0.0,265,1,5,2.4453,2.4453,0,20.7551,19.9377,idle,-0.343,-0.8622,-0.3427,-0.8614,-0.8617,0.4,
154051,RUNNING,-0.3428,-0.8617,2.3625,2.45,0.0,0,0.0,365,0,7,2.45,2.45,0,20.7551,19.9377,idle,-0.343,-0.8622,-0.3427,-0.8614,-0.8617,0.4,
154151,RUNNING,2.657,1.3743,0.225,-13.985,-360.0,0,0.0,11,1,0,-13.985,-13.985,0,18.9973,19.9377,idle,2.657,1.3743,2.657,1.3743,1.3743,0.4,
154253,RUNNING,2.6544,2.2872,-3.2625,-1.0826,-240.0,0,0.0,31,1,0,-1.0826,-1.0826,0,15.4817,19.9377,idle,2.657,2.2894,2.6527,2.2857,2.2872,0.4,
154354,RUNNING,3.8993,2.9762,-5.5125,-1.8591,-120.0,0,0.0,32,1,0,-1.8591,-1.8591,0,13.1086,19.9377,idle,3.9102,2.9844,3.8921,2.9706,2.9762,0.4,
154457,RUNNING,3.9037,2.9795,-4.275,-1.9742,480.0,0,0.0,134,1,2,-1.9742,-1.9742,0,13.5481,19.9377,idle,3.9102,2.9844,3.8993,2.9761,2.9795,0.4,
154558,RUNNING,5.0754,3.6113,-1.4625,-2.6562,-120.0,0,0.0,22,1,0,-2.6562,-2.6562,0,16.8,19.9377,idle,5.0764,3.612,5.0747,3.6109,3.6113,0.4,
154658,RUNNING,5.0692,4.0456,-3.9375,-3.1476,0.0,0,0.0,72,1,1,-3.1476,-3.1476,0,14.6028,19.9377,idle,5.0764,4.0513,5.0644,4.0418,4.0456,0.4,
154759,RUNNING,5.0727,4.0484,-2.8125,-3.208,-126.01,0,0.0,173,1,3,-3.208,-3.208,0,15.4817,19.9377,idle,5.0764,4.0513,5.0703,4.0465,4.0484,0.4,
154860,RUNNING,5.0718,4.0477,-3.15,-3.2284,0.0,0,0.0,274,1,5,-3.2284,-3.2284,0,15.218,19.9377,idle,5.0764,4.0513,5.0687,4.0452,4.0477,0.4,
154960,RUNNING,5.0718,4.0477,-3.15,-3.2503,0.0,0,0.0,374,0,7,-3.2503,-3.2503,0,15.218,19.9377,idle,5.0764,4.0513,5.0687,4.0452,4.0477,0.4,
155060,RUNNING,5.0718,4.0477,-3.15,-3.2503,0.0,0,0.0,474,0,9,-3.2503,-3.2503,0,15.218,19.9377,idle,5.0764,4.0513,5.0687,4.0452,4.0477,0.4,
155160,RUNNING,5.0718,4.0477,-3.15,-3.2503,0.0,0,0.0,575,0,12,-3.2503,-3.2503,0,15.218,19.9377,idle,5.0764,4.0513,5.0687,4.0452,4.0477,0.4,
155260,RUNNING,5.0718,4.0477,-3.15,-3.2503,0.0,0,0.0,675,0,14,-3.2503,-3.2503,0,15.218,19.9377,idle,5.0764,4.0513,5.0687,4.0452,4.0477,0.4,
155360,RUNNING,5.0718,4.0477,-3.15,-3.2503,0.0,0,0.0,775,0,16,-3.2503,-3.2503,0,15.218,19.9377,idle,5.0764,4.0513,5.0687,4.0452,4.0477,0.4,
155461,RUNNING,5.0718,4.0477,-3.15,-3.2503,0.0,0,0.0,876,0,19,-3.2503,-3.2503,0,15.218,19.9377,idle,5.0764,4.0513,5.0687,4.0452,4.0477,0.4,
155561,RUNNING,5.0718,4.0477,-3.15,-3.2503,0.0,0,0.0,976,0,21,-3.2503,-3.2503,0,15.218,19.9377,idle,5.0764,4.0513,5.0687,4.0452,4.0477,0.4,
155661,RUNNING,5.0718,4.0477,-3.15,-3.2503,0.0,0,0.0,1076,0,23,-3.2503,-3.2503,0,15.1301,19.9377,idle,5.0764,4.0513,5.0687,4.0452,4.0477,0.4,
155762,RUNNING,2.0748,3.4562,-2.925,-2.6051,184.73,0,0.0,34,1,0,-2.6051,-2.6051,0,15.218,19.9377,idle,2.0764,3.4589,2.0737,3.4544,3.4562,0.4,
155865,RUNNING,2.0763,2.5504,0.7875,-1.5901,304.73,0,0.0,22,1,0,-1.5901,-1.5901,0,18.7336,19.9377,idle,2.0764,2.5506,2.0762,2.5503,2.5504,0.4,
155966,RUNNING,2.0758,2.3081,1.8,-1.3442,-295.27,0,0.0,32,1,0,-1.3442,-1.3442,0,20.4036,19.9377,idle,2.0764,2.3087,2.0754,2.3076,2.3081,0.4,
156067,RUNNING,2.0759,2.1898,-1.575,-1.213,-55.36,0,0.0,32,1,0,-1.213,-1.213,0,16.9758,19.9377,idle,2.0764,2.1903,2.0756,2.1894,2.1898,0.4,
156169,RUNNING,1.2347,1.8796,-0.675,-0.8866,64.64,0,0.0,32,1,0,-0.8866,-0.8866,0,17.4153,19.9377,idle,1.2348,1.8797,1.2347,1.8796,1.8796,0.4,
156270,RUNNING,1.0976,1.4808,-0.3375,-0.4467,0.0,0,0.0,32,1,0,-0.4467,-0.4467,0,17.8547,19.9377,idle,1.0976,1.4808,1.0976,1.4808,1.4808,0.4,
156370,RUNNING,0.343,1.059,0.1125,0.0196,0.0,0,0.0,31,1,0,0.0196,0.0196,0,18.2942,19.9377,idle,0.343,1.059,0.343,1.059,1.059,0.4,
156470,RUNNING,-0.2744,0.4078,0.5625,0.748,0.0,0,0.0,32,1,0,0.748,0.748,0,18.7336,19.9377,idle,-0.2744,0.4078,-0.2744,0.4078,0.4078,0.4,
156571,RUNNING,-0.4115,-0.0101,1.8,1.2169,158.65,0,0.0,32,1,0,1.2169,1.2169,0,19.7883,19.9377,idle,-0.4116,-0.0101,-0.4114,-0.0101,-0.0101,0.4,
156673,RUNNING,-0.8219,-0.4212,4.1625,6.026,278.65,0,0.0,11,1,0,6.026,6.026,0,22.425,19.9377,idle,-0.8232,-0.4219,-0.821,-0.4207,-0.4212,0.4,
156774,RUNNING,-1.8945,-1.1185,6.75,2.4524,158.65,0,0.0,31,1,0,2.4524,2.4524,0,24.7981,19.9377,idle,-1.9024,-1.1232,-1.8892,-1.1154,-1.1185,0.4,
156875,RUNNING,-1.6409,-1.3853,6.075,2.8079,-441.35,0,0.0,31,1,0,2.8079,2.8079,0,24.7981,19.9377,idle,-1.6464,-1.39,-1.6372,-1.3822,-1.3853,0.4,
156978,RUNNING,-2.6056,-1.8081,2.25,3.2732,3.75,0,0.0,32,1,0,3.2732,3.2732,0,20.7551,19.9377,idle,-2.6068,-1.8089,-2.6048,-1.8075,-1.8081,0.4,
157079,RUNNING,-2.6707,-2.3496,4.3875,7.3504,363.75,0,0.0,10,1,0,7.3504,7.3504,0,22.6008,19.9377,idle,-2.6754,-2.3537,-2.6676,-2.3468,-2.3496,0.4,
157180,RUNNING,-2.596,-2.4868,6.75,4.0612,-117.22,0,0.0,30,1,0,4.0612,4.0612,0,25.0618,19.9377,idle,-2.6068,-2.4972,-2.5887,-2.4799,-2.4868,0.4,
157282,RUNNING,-2.6031,-2.5495,3.9375,4.1767,-107.24,0,0.0,31,1,0,4.1767,4.1767,0,22.6887,19.9377,idle,-2.6068,-2.5531,-2.6006,-2.5471,-2.5495,0.4,
157383,RUNNING,-2.6025,-2.5649,4.275,4.1669,12.76,0,0.0,72,1,1,4.1669,4.1669,0,22.5129,19.9377,idle,-2.6068,-2.5692,-2.5996,-2.5621,-2.5649,0.4,
157486,RUNNING,-2.6025,-2.5649,4.275,4.2007,0.0,0,0.0,174,1,3,4.2007,4.2007,0,22.6887,19.9377,idle,-2.6068,-2.5692,-2.5996,-2.5621,-2.5649,0.4,
157586,RUNNING,-2.6025,-2.5649,4.275,4.218,0.0,0,0.0,274,1,5,4.218,4.218,0,22.6887,19.9377,idle,-2.6068,-2.5692,-2.5996,-2.5621,-2.5649,0.4,
157686,RUNNING,-2.6025,-2.5649,4.275,4.2249,0.0,0,0.0,374,0,8,4.2249,4.2249,0,22.7766,19.9377,idle,-2.6068,-2.5692,-2.5996,-2.5621,-2.5649,0.4,
157787,RUNNING,-3.6968,-3.1417,4.725,4.8944,0.0,0,0.0,52,1,0,4.8944,4.8944,0,23.1282,19.9377,idle,-3.7044,-3.1482,-3.6918,-3.1375,-3.1417,0.4,
157887,RUNNING,-3.6968,-3.1417,4.725,4.9156,0.0,0,0.0,152,1,3,4.9156,4.9156,0,23.1282,19.9377,idle,-3.7044,-3.1482,-3.6918,-3.1375,-3.1417,0.4,
157987,RUNNING,-0.9678,-2.0889,4.5,-8.4126,-120.0,0,0.0,11,1,0,-8.4126,-8.4126,0,23.0403,19.9377,idle,-0.9696,-2.0928,-0.9666,-2.0863,-2.0889,0.4,
158088,RUNNING,-0.2149,-1.2375,1.9125,2.811,-205.38,0,0.0,31,1,0,2.811,2.811,0,20.6672,19.9377,idle,-0.215,-1.2379,-0.2149,-1.2372,-1.2375,0.4,
158190,RUNNING,-0.2149,-1.2374,2.025,2.8049,288.43,0,0.0,133,1,2,2.8049,2.8049,0,20.1399,19.9377,idle,-0.215,-1.2379,-0.2149,-1.2371,-1.2374,0.4,
158291,RUNNING,1.2339,-0.4957,2.8125,1.9856,-296.98,0,0.0,21,1,0,1.9856,1.9856,0,21.4583,19.9377,idle,1.2348,-0.4961,1.2333,-0.4955,-0.4957,0.4,
158393,RUNNING,1.2348,0.3723,0.0,1.0053,-176.98,0,0.0,32,1,0,1.0053,1.0053,0,18.8215,19.9377,idle,1.2348,0.3723,1.2348,0.3723,0.3723,0.4,
158493,RUNNING,1.6461,1.0075,-1.4625,0.2879,-56.98,0,0.0,32,1,0,0.2879,0.2879,0,17.0637,19.9377,idle,1.6464,1.0077,1.6459,1.0073,1.0075,0.4,
158595,RUNNING,4.2338,2.1239,-1.575,-0.9759,63.02,0,0.0,32,1,0,-0.9759,-0.9759,0,16.8,19.9377,idle,4.2348,2.1243,4.2332,2.1235,2.1239,0.4,
158696,RUNNING,4.4043,3.5859,-2.25,-11.5037,-335.48,0,0.0,11,1,0,-11.5037,-11.5037,0,16.3606,19.9377,idle,4.4063,3.5876,4.4029,3.5848,3.5859,0.4,
158797,RUNNING,4.4014,3.5836,-3.4875,-2.6818,264.52,0,0.0,112,1,2,-2.6818,-2.6818,0,14.6028,19.9377,idle,4.4063,3.5876,4.3981,3.5809,3.5836,0.4,
158899,RUNNING,4.4036,3.5854,-2.5875,-2.6876,0.0,0,0.0,214,1,4,-2.6876,-2.6876,0,15.7454,19.9377,idle,4.4063,3.5876,4.4018,3.5839,3.5854,0.4,
158999,RUNNING,4.4036,3.5854,-2.5875,-2.7118,0.0,0,0.0,314,1,6,-2.7118,-2.7118,0,15.7454,19.9377,idle,4.4063,3.5876,4.4018,3.5839,3.5854,0.4,
159099,RUNNING,4.4036,3.5854,-2.5875,-2.7166,0.0,0,0.0,414,0,8,-2.7166,-2.7166,0,15.7454,19.9377,idle,4.4063,3.5876,4.4018,3.5839,3.5854,0.4,
159199,RUNNING,4.4036,3.5854,-2.5875,-2.7166,0.0,0,0.0,514,0,11,-2.7166,-2.7166,0,15.7454,19.9377,idle,4.4063,3.5876,4.4018,3.5839,3.5854,0.4,
159299,RUNNING,4.4036,3.5854,-2.5875,-2.7166,0.0,0,0.0,614,0,13,-2.7166,-2.7166,0,15.8333,19.9377,idle,4.4063,3.5876,4.4018,3.5839,3.5854,0.4,
159399,RUNNING,4.4036,3.5854,-2.5875,-2.7166,0.0,0,0.0,714,0,16,-2.7166,-2.7166,0,15.7454,19.9377,idle,4.4063,3.5876,4.4018,3.5839,3.5854,0.4,
159499,RUNNING,4.4036,3.5854,-2.5875,-2.7166,0.0,0,0.0,814,0,18,-2.7166,-2.7166,0,15.7454,19.9377,idle,4.4063,3.5876,4.4018,3.5839,3.5854,0.4,
159599,RUNNING,4.4036,3.5854,-2.5875,-2.7166,0.0,0,0.0,914,0,20,-2.7166,-2.7166,0,15.7454,19.9377,idle,4.4063,3.5876,4.4018,3.5839,3.5854,0.4,
159699,RUNNING,4.4036,3.5854,-2.5875,-2.7166,0.0,0,0.0,1014,0,21,-2.7166,-2.7166,0,15.8333,19.9377,idle,4.4063,3.5876,4.4018,3.5839,3.5854,0.4,
159799,RUNNING,3.2215,3.5835,-3.0375,1.2104,-62.54,0,0.0,12,1,0,1.2104,1.2104,0,15.5696,19.9377,idle,3.2242,3.5865,3.2197,3.5815,3.5835,0.4,
159899,RUNNING,3.2219,3.6296,-2.8125,-2.8325,57.46,0,0.0,31,1,0,-2.8325,-2.8325,0,15.3059,19.9377,idle,3.2242,3.6322,3.2203,3.6279,3.6296,0.4,
160000,RUNNING,3.2226,3.3576,-2.3625,-2.5414,0.0,0,0.0,31,1,0,-2.5414,-2.5414,0,15.8333,19.9377,idle,3.2242,3.3593,3.2215,3.3565,3.3576,0.4,
160100,RUNNING,2.9145,3.1319,-1.9125,-2.3072,0.0,0,0.0,31,1,0,-2.3072,-2.3072,0,16.1848,19.9377,idle,2.9155,3.133,2.9139,3.1312,3.1319,0.4,
160200,RUNNING,2.8802,3.0036,-1.9125,-2.1831,0.0,0,0.0,32,1,0,-2.1831,-2.1831,0,16.2727,19.9377,idle,2.8812,3.0046,2.8796,3.0029,3.0036,0.4,
160302,RUNNING,2.7432,2.8708,-1.8,-0.6627,120.0,0,0.0,11,1,0,-0.6627,-0.6627,0,16.4485,19.9377,idle,2.744,2.8717,2.7426,2.8703,2.8708,0.4,
160402,RUNNING,2.5037,2.7343,-1.0125,-1.9158,0.0,0,0.0,31,1,0,-1.9158,-1.9158,0,17.0637,19.9377,idle,2.5039,2.7345,2.5035,2.7341,2.7343,0.4,
160502,RUNNING,1.6461,2.3592,-1.4625,-1.5079,0.0,0,0.0,32,1,0,-1.5079,-1.5079,0,16.8879,19.9377,idle,1.6464,2.3597,1.6459,2.3589,2.3592,0.4,
160603,RUNNING,0.5145,1.4242,-0.1125,-0.4699,188.35,0,0.0,31,1,0,-0.4699,-0.4699,0,17.7668,19.9377,idle,0.5145,1.4242,0.5145,1.4242,1.4242,0.4,
160704,RUNNING,-0.1371,0.4461,2.5875,6.9573,308.35,0,0.0,10,1,0,6.9573,6.9573,0,20.7551,19.9377,idle,-0.1372,0.4464,-0.1371,0.4459,0.4461,0.4,
160805,RUNNING,-0.2554,0.088,5.0625,1.0287,-51.65,0,0.0,30,1,0,1.0287,1.0287,0,23.3918,19.9377,idle,-0.256,0.0882,-0.255,0.0878,0.088,0.4,
160906,RUNNING,-1.2331,-0.4308,3.9375,1.6142,-171.65,0,0.0,31,1,0,1.6142,1.6142,0,22.425,19.9377,idle,-1.2348,-0.4314,-1.2319,-0.4304,-0.4308,0.4,
161007,RUNNING,-1.3716,-0.9109,1.6875,2.1601,0.56,0,0.0,31,1,0,2.1601,2.1601,0,20.2278,19.9377,idle,-1.372,-0.9111,-1.3714,-0.9107,-0.9109,0.4,
161107,RUNNING,-1.3713,-0.9107,2.3625,2.1654,0.0,0,0.0,131,1,2,2.1654,2.1654,0,20.7551,19.9377,idle,-1.372,-0.9111,-1.3708,-0.9103,-0.9107,0.4,
161208,RUNNING,-1.9196,-1.2133,2.5875,2.5086,0.0,0,0.0,32,1,0,2.5086,2.5086,0,20.7551,19.9377,idle,-1.9208,-1.214,-1.9188,-1.2128,-1.2133,0.4,
161308,RUNNING,-2.3647,-1.8004,3.0375,3.1837,0.0,0,0.0,51,1,0,3.1837,3.1837,0,21.2825,19.9377,idle,-2.3667,-1.8019,-2.3634,-1.7994,-1.8004,0.4,
161409,RUNNING,-2.3647,-1.8004,3.0375,3.1958,0.0,0,0.0,151,1,3,3.1958,3.1958,0,21.3704,19.9377,idle,-2.3667,-1.8019,-2.3634,-1.7994,-1.8004,0.4,
161509,RUNNING,-4.1371,-2.5012,3.2625,3.9901,240.0,0,0.0,31,1,0,3.9901,3.9901,0,21.3704,19.9377,idle,-4.1411,-2.5037,-4.1344,-2.4996,-2.5012,0.4,
161609,RUNNING,-3.895,-3.5304,6.525,9.0687,360.0,0,0.0,11,1,0,9.0687,9.0687,0,24.6223,19.9377,idle,-3.9102,-3.5441,-3.8849,-3.5212,-3.5304,0.4,
161712,RUNNING,-3.4782,-3.5004,7.9875,5.1978,-240.0,0,0.0,31,1,0,5.1978,5.1978,0,26.6438,19.9377,idle,-3.4986,-3.5209,-3.4647,-3.4868,-3.5004,0.4,
161813,RUNNING,-3.0146,-3.2731,3.7125,2.1901,-402.98,0,0.0,10,1,0,2.1901,2.1901,0,22.6008,19.9377,idle,-3.0184,-3.2772,-3.0121,-3.2703,-3.2731,0.4,
161914,RUNNING,-3.3604,-3.2832,1.8,4.963,197.02,0,0.0,31,1,0,4.963,4.963,0,20.052,19.9377,idle,-3.3614,-3.2841,-3.3597,-3.2825,-3.2832,0.4,
162016,RUNNING,-3.3528,-3.3151,5.2875,4.9756,166.86,0,0.0,31,1,0,4.9756,4.9756,0,23.3918,19.9377,idle,-3.3614,-3.3235,-3.3471,-3.3094,-3.3151,0.4,
162118,RUNNING,-3.7638,-3.4578,5.175,5.2198,0.0,0,0.0,32,1,0,5.2198,5.2198,0,23.7434,19.9377,idle,-3.773,-3.4663,-3.7576,-3.4522,-3.4578,0.4,
162219,RUNNING,-4.1725,-3.9168,5.625,8.5262,120.0,0,0.0,11,1,0,8.5262,8.5262,0,24.0071,19.9377,idle,-4.1846,-3.9281,-4.1645,-3.9092,-3.9168,0.4,
162319,RUNNING,-4.1689,-4.0437,6.4125,5.8953,0.0,0,0.0,31,1,0,5.8953,5.8953,0,24.6223,19.9377,idle,-4.1846,-4.0589,-4.1584,-4.0335,-4.0437,0.4,
162419,RUNNING,-4.1689,-4.1075,6.4125,5.9943,0.0,0,0.0,32,1,0,5.9943,5.9943,0,24.6223,19.9377,idle,-4.1846,-4.123,-4.1584,-4.0972,-4.1075,0.4,
162521,RUNNING,-4.1694,-4.1484,6.3,6.3235,0.0,0,0.0,12,1,0,6.3235,6.3235,0,24.7102,19.9377,idle,-4.1846,-4.1635,-4.1593,-4.1383,-4.1484,0.4,
162621,RUNNING,-4.1694,-4.1591,6.3,6.1353,0.0,0,0.0,31,1,0,6.1353,6.1353,0,24.7102,19.9377,idle,-4.1846,-4.1743,-4.1593,-4.149,-4.1591,0.4,
162721,RUNNING,-4.1694,-4.1644,6.3,6.1693,0.0,0,0.0,32,1,0,6.1693,6.1693,0,24.7102,19.9377,idle,-4.1846,-4.1795,-4.1593,-4.1543,-4.1644,0.4,
162822,RUNNING,-4.2378,-4.1882,6.3,6.7621,120.0,0,0.0,12,1,0,6.7621,6.7621,0,24.7102,19.9377,idle,-4.2532,-4.2034,-4.2275,-4.1781,-4.1882,0.4,
162922,RUNNING,-4.2372,-4.2129,6.4125,6.2804,0.0,0,0.0,30,1,0,6.2804,6.2804,0,24.7981,19.9377,idle,-4.2532,-4.2288,-4.2266,-4.2024,-4.2129,0.4,
163022,RUNNING,-4.2372,-4.2253,6.4125,6.3229,0.0,0,0.0,33,1,0,6.3229,6.3229,0,24.7981,19.9377,idle,-4.2532,-4.2413,-4.2266,-4.2147,-4.2253,0.4,
163123,RUNNING,-4.2372,-4.2332,6.4125,6.4045,0.0,0,0.0,13,1,0,6.4045,6.4045,0,24.7981,19.9377,idle,-4.2532,-4.2491,-4.2266,-4.2225,-4.2332,0.4,
163223,RUNNING,-4.2372,-4.2352,6.4125,6.3911,0.0,0,0.0,33,1,0,6.3911,6.3911,0,24.7981,19.9377,idle,-4.2532,-4.2512,-4.2266,-4.2246,-4.2352,0.4,
163323,RUNNING,-4.17,-4.1927,6.1875,6.1248,0.0,0,0.0,11,1,0,6.1248,6.1248,0,24.6223,19.9377,idle,-4.1846,-4.2074,-4.1602,-4.1829,-4.1927,0.4,
163423,RUNNING,-4.17,-4.1811,6.1875,6.3869,0.0,0,0.0,31,1,0,6.3869,6.3869,0,24.6223,19.9377,idle,-4.1846,-4.1958,-4.1602,-4.1713,-4.1811,0.4,
163523,RUNNING,-4.17,-4.1754,6.1875,6.4087,0.0,0,0.0,33,1,0,6.4087,6.4087,0,24.6223,19.9377,idle,-4.1846,-4.1901,-4.1602,-4.1657,-4.1754,0.4,
163623,RUNNING,-4.1689,-4.1708,6.4125,6.4113,0.0,0,0.0,12,1,0,6.4113,6.4113,0,24.7981,19.9377,idle,-4.1846,-4.1865,-4.1584,-4.1603,-4.1708,0.4,
163723,RUNNING,-4.1689,-4.1698,6.4125,6.4587,0.0,0,0.0,31,1,0,6.4587,6.4587,0,24.7981,19.9377,idle,-4.1846,-4.1855,-4.1584,-4.1593,-4.1698,0.4,
163823,RUNNING,-4.1689,-4.1693,6.4125,6.4863,0.0,0,0.0,33,1,0,6.4863,6.4863,0,24.7981,19.9377,idle,-4.1846,-4.1851,-4.1584,-4.1589,-4.1693,0.4,
163923,RUNNING,-4.1689,-4.169,6.4125,6.5124,0.0,0,0.0,12,1,0,6.5124,6.5124,0,24.7981,19.9377,idle,-4.1846,-4.1848,-4.1584,-4.1586,-4.169,0.4,
164023,RUNNING,-4.1689,-4.169,6.4125,6.5422,0.0,0,0.0,31,1,0,6.5422,6.5422,0,24.7981,19.9377,idle,-4.1846,-4.1847,-4.1584,-4.1585,-4.169,0.4,
164123,RUNNING,-4.2349,-4.2015,6.8625,6.5775,0.0,0,0.0,33,1,0,6.5775,6.5775,0,25.0618,19.9377,idle,-4.2532,-4.2196,-4.2227,-4.1894,-4.2015,0.4,
164225,RUNNING,-4.2355,-4.214,6.75,6.8828,0.0,0,0.0,13,1,0,6.8828,6.8828,0,25.1497,19.9377,idle,-4.2532,-4.2316,-4.2237,-4.2023,-4.214,0.4,
164325,RUNNING,-4.2355,-4.225,6.75,6.6903,0.0,0,0.0,32,1,0,6.6903,6.6903,0,25.1497,19.9377,idle,-4.2532,-4.2426,-4.2237,-4.2132,-4.225,0.4,
164425,RUNNING,-4.2355,-4.2319,6.75,6.7659,0.0,0,0.0,12,1,0,6.7659,6.7659,0,25.1497,19.9377,idle,-4.2532,-4.2496,-4.2237,-4.2201,-4.2319,0.4,
164526,RUNNING,-4.1683,-4.2144,6.525,6.7646,0.0,0,0.0,31,1,0,6.7646,6.7646,0,25.1497,19.9377,idle,-4.1846,-4.2308,-4.1575,-4.2034,-4.2144,0.4,
164626,RUNNING,-4.2355,-4.2279,6.75,6.862,0.0,0,0.0,10,1,0,6.862,6.862,0,25.1497,19.9377,idle,-4.2532,-4.2455,-4.2237,-4.2161,-4.2279,0.4,
164726,RUNNING,-4.2355,-4.2318,6.75,6.8121,0.0,0,0.0,31,1,0,6.8121,6.8121,0,25.1497,19.9377,idle,-4.2532,-4.2494,-4.2237,-4.22,-4.2318,0.4,
164827,RUNNING,-4.2355,-4.2337,6.75,6.8428,0.0,0,0.0,32,1,0,6.8428,6.8428,0,25.1497,19.9377,idle,-4.2532,-4.2514,-4.2237,-4.2219,-4.2337,0.4,
164927,RUNNING,-4.1672,-4.2144,6.75,6.3377,-120.0,0,0.0,11,1,0,6.3377,6.3377,0,25.1497,19.9377,idle,-4.1846,-4.232,-4.1556,-4.2027,-4.2144,0.4,
165027,RUNNING,-4.1678,-4.2052,6.6375,6.8678,120.0,0,0.0,31,1,0,6.8678,6.8678,0,25.0618,19.9377,idle,-4.1846,-4.2222,-4.1566,-4.1939,-4.2052,0.4,
165128,RUNNING,-4.1672,-4.1856,6.75,6.874,0.0,0,0.0,31,1,0,6.874,6.874,0,25.1497,19.9377,idle,-4.1846,-4.203,-4.1556,-4.1739,-4.1856,0.4,
165228,RUNNING,-4.1672,-4.1762,6.75,6.8917,0.0,0,0.0,33,1,0,6.8917,6.8917,0,25.1497,19.9377,idle,-4.1846,-4.1936,-4.1556,-4.1646,-4.1762,0.4,
165328,RUNNING,-4.2343,-4.2039,6.975,7.2807,120.0,0,0.0,11,1,0,7.2807,7.2807,0,25.4133,19.9377,idle,-4.2532,-4.2227,-4.2217,-4.1914,-4.2039,0.4,
165429,RUNNING,-4.5758,-4.3219,6.975,7.1284,0.0,0,0.0,30,1,0,7.1284,7.1284,0,25.5012,19.9377,idle,-4.5962,-4.3411,-4.5622,-4.309,-4.3219,0.4,
165529,RUNNING,-4.6406,-4.4828,7.5375,7.2887,0.0,0,0.0,33,1,0,7.2887,7.2887,0,25.7649,19.9377,idle,-4.6648,-4.5062,-4.6245,-4.4673,-4.4828,0.4,
165629,RUNNING,-4.6376,-4.5836,7.9875,8.0542,0.0,0,0.0,11,1,0,8.0542,8.0542,0,26.468,19.9377,idle,-4.6648,-4.6104,-4.6195,-4.5657,-4.5836,0.4,
165729,RUNNING,-4.6413,-4.6148,7.425,7.5518,0.0,0,0.0,31,1,0,7.5518,7.5518,0,26.0286,19.9377,idle,-4.6648,-4.6381,-4.6257,-4.5993,-4.6148,0.4,
165830,RUNNING,-4.5731,-4.6079,7.425,7.5933,0.0,0,0.0,34,1,0,7.5933,7.5933,0,26.1165,19.9377,idle,-4.5962,-4.6312,-4.5577,-4.5923,-4.6079,0.4,
165932,RUNNING,-4.5731,-4.585,7.425,7.5623,0.0,0,0.0,21,1,0,7.5623,7.5623,0,26.0286,19.9377,idle,-4.5962,-4.6082,-4.5577,-4.5696,-4.585,0.4,
166032,RUNNING,-4.5731,-4.5789,7.425,7.5864,0.0,0,0.0,32,1,0,7.5864,7.5864,0,25.9407,19.9377,idle,-4.5962,-4.6021,-4.5577,-4.5635,-4.5789,0.4,
166132,RUNNING,-4.2331,-4.4597,7.2,5.0244,-120.0,0,0.0,11,1,0,5.0244,5.0244,0,25.7649,19.9377,idle,-4.2532,-4.4809,-4.2197,-4.4456,-4.4597,0.4,
166235,RUNNING,-4.1694,-4.3285,6.3,7.3938,0.0,0,0.0,31,1,0,7.3938,7.3938,0,24.886,19.9377,idle,-4.1846,-4.3442,-4.1593,-4.318,-4.3285,0.4,
166335,RUNNING,-4.1642,-4.233,7.3125,6.4922,48.58,0,0.0,10,1,0,6.4922,6.4922,0,25.5891,19.9377,idle,-4.1846,-4.2537,-4.1506,-4.2192,-4.233,0.4,
166436,RUNNING,-4.1666,-4.2004,6.8625,7.278,120.0,0,0.0,31,1,0,7.278,7.278,0,25.3254,19.9377,idle,-4.1846,-4.2185,-4.1546,-4.1883,-4.2004,0.4,
166537,RUNNING,-4.2318,-4.2005,7.425,7.2745,0.0,0,0.0,32,1,0,7.2745,7.2745,0,25.677,19.9377,idle,-4.2532,-4.2218,-4.2175,-4.1864,-4.2005,0.4,
166638,RUNNING,-4.7096,-4.3644,7.425,11.264,120.0,0,0.0,10,1,0,11.264,11.264,0,25.8528,19.9377,idle,-4.7334,-4.3865,-4.6937,-4.3497,-4.3644,0.4,
166738,RUNNING,-4.9113,-4.5265,7.875,7.77,0.0,0,0.0,69,1,1,7.77,7.77,0,26.5559,19.9377,idle,-4.9392,-4.5523,-4.8926,-4.5094,-4.5265,0.4,
166839,RUNNING,-5.1125,-4.8239,8.325,8.0573,0.0,0,0.0,31,1,0,8.0573,8.0573,0,26.6438,19.9377,idle,-5.145,-4.8546,-5.0908,-4.8034,-4.8239,0.4,
166939,RUNNING,-5.1079,-4.9667,8.8875,8.2469,0.0,0,0.0,31,1,0,8.2469,8.2469,0,26.9954,19.9377,idle,-5.145,-5.0027,-5.0832,-4.9426,-4.9667,0.4,
167040,RUNNING,-5.3161,-5.1466,8.4375,8.5291,0.0,0,0.0,31,1,0,8.5291,8.5291,0,26.8196,19.9377,idle,-5.3508,-5.1802,-5.2929,-5.1242,-5.1466,0.4,
167140,RUNNING,-3.7169,-4.6268,7.9875,8.0165,0.0,0,0.0,31,1,0,8.0165,8.0165,0,26.468,19.9377,idle,-3.7387,-4.6539,-3.7024,-4.6088,-4.6268,0.4,
167240,RUNNING,-3.0754,-3.6475,6.4125,0.7506,-276.31,0,0.0,11,1,0,0.7506,0.7506,0,24.886,19.9377,idle,-3.087,-3.6612,-3.0677,-3.6383,-3.6475,0.4,
167342,RUNNING,-2.3477,-2.9889,3.825,6.2152,-156.31,0,0.0,30,1,0,6.2152,6.2152,0,22.425,19.9377,idle,-2.3508,-2.9929,-2.3456,-2.9862,-2.9889,0.4,
167443,RUNNING,-2.3473,-2.8158,4.05,5.9967,203.69,0,0.0,32,1,0,5.9967,5.9967,0,22.1614,19.9377,idle,-2.3508,-2.82,-2.3449,-2.813,-2.8158,0.4,
167544,RUNNING,-0.9574,-2.0955,5.85,5.2209,-156.31,0,0.0,31,1,0,5.2209,5.2209,0,24.095,19.9377,idle,-0.9604,-2.1021,-0.9554,-2.0912,-2.0955,0.4,
167646,RUNNING,-0.7379,-1.4085,3.4875,4.4666,-171.51,0,0.0,32,1,0,4.4666,4.4666,0,22.0735,19.9377,idle,-0.7387,-1.4101,-0.7373,-1.4075,-1.4085,0.4,
167747,RUNNING,-0.4799,-1.1305,2.475,4.1466,188.49,0,0.0,72,1,1,4.1466,4.1466,0,20.5793,19.9377,idle,-0.4802,-1.1311,-0.4798,-1.1301,-1.1305,0.4,
167848,RUNNING,-0.1462,-0.6692,4.05,3.6362,-171.51,0,0.0,31,1,0,3.6362,3.6362,0,22.3372,19.9377,idle,-0.1464,-0.6702,-0.146,-0.6685,-0.6692,0.4,
167950,RUNNING,1.7146,0.7643,1.575,-8.2903,-291.51,0,0.0,11,1,0,-8.2903,-8.2903,0,20.052,19.9377,idle,1.715,0.7644,1.7144,0.7641,0.7643,0.4,
168051,RUNNING,2.1172,1.3986,-1.125,1.3024,-171.51,0,0.0,32,1,0,1.3024,1.3024,0,17.2395,19.9377,idle,2.1174,1.3987,2.117,1.3985,1.3986,0.4,
168155,RUNNING,3.5305,2.5581,-2.7,-10.5565,-291.51,0,0.0,1,1,0,-10.5565,-10.5565,0,15.7454,19.9377,idle,3.5329,2.5598,3.529,2.5569,2.5581,0.4,
168256,RUNNING,3.529,2.5569,-3.4875,-0.0486,308.49,0,0.0,103,1,1,-0.0486,-0.0486,0,14.3391,19.9377,idle,3.5329,2.5598,3.5264,2.555,2.5569,0.4,
168357,RUNNING,3.5329,2.5598,0.3375,-0.0538,69.92,0,0.0,204,1,4,-0.0538,-0.0538,0,18.2063,19.9377,idle,3.5329,2.5598,3.5328,2.5597,2.5598,0.4,
168459,RUNNING,3.5329,2.5598,0.0,-0.0717,0.0,0,0.0,306,1,6,-0.0717,-0.0717,0,18.2063,19.9377,idle,3.5329,2.5598,3.5329,2.5598,2.5598,0.4,
168559,RUNNING,3.5329,2.5598,0.0,-0.0787,0.0,0,0.0,406,0,8,-0.0787,-0.0787,0,18.2063,19.9377,idle,3.5329,2.5598,3.5329,2.5598,2.5598,0.4,
168659,RUNNING,3.5329,2.5598,0.0,-0.0787,0.0,0,0.0,506,0,10,-0.0787,-0.0787,0,18.2063,19.9377,idle,3.5329,2.5598,3.5329,2.5598,2.5598,0.4,
168759,RUNNING,3.5329,2.5598,0.0,-0.0787,0.0,0,0.0,606,0,12,-0.0787,-0.0787,0,18.2063,19.9377,idle,3.5329,2.5598,3.5329,2.5598,2.5598,0.4,
168859,RUNNING,6.5325,4.5858,-0.7875,-18.9,-360.0,0,0.0,12,1,0,-23.4764,-18.9,1,17.5911,19.9377,idle,6.5329,4.5861,6.5323,4.5856,4.5858,0.4,
168961,RUNNING,6.5285,4.583,-2.7,-2.3974,179.66,0,0.0,113,1,2,-2.3974,-2.3974,0,15.3938,19.9377,idle,6.5329,4.5861,6.5256,4.581,4.583,0.4,
169062,RUNNING,6.5299,4.584,-2.25,-2.4228,0.0,0,0.0,215,1,4,-2.4228,-2.4228,0,15.8333,19.9377,idle,6.5329,4.5861,6.5279,4.5825,4.584,0.4,
169162,RUNNING,6.5299,4.584,-2.25,-2.4537,0.0,0,0.0,315,1,6,-2.4537,-2.4537,0,15.8333,19.9377,idle,6.5329,4.5861,6.5279,4.5825,4.584,0.4,
169263,RUNNING,6.5299,4.584,-2.25,-2.4599,0.0,0,0.0,416,0,8,-2.4599,-2.4599,0,15.8333,19.9377,idle,6.5329,4.5861,6.5279,4.5825,4.584,0.4,
169363,RUNNING,6.5299,4.584,-2.25,-2.4599,0.0,0,0.0,516,0,11,-2.4599,-2.4599,0,15.8333,19.9377,idle,6.5329,4.5861,6.5279,4.5825,4.584,0.4,
169463,RUNNING,6.5299,4.584,-2.25,-2.4599,0.0,0,0.0,616,0,12,-2.4599,-2.4599,0,15.8333,19.9377,idle,6.5329,4.5861,6.5279,4.5825,4.584,0.4,
169564,RUNNING,3.789,4.2329,-1.8,-2.0968,0.0,0,0.0,32,1,0,-2.0968,-2.0968,0,16.0969,19.9377,idle,3.7901,4.2342,3.7883,4.2321,4.2329,0.4,
169664,RUNNING,4.0457,4.1673,-2.1375,-0.7066,-87.14,0,0.0,11,1,0,-0.7066,-0.7066,0,16.2727,19.9377,idle,4.0474,4.1691,4.0446,4.1662,4.1673,0.4,
169765,RUNNING,4.046,4.0696,-1.9125,-1.9606,0.0,0,0.0,32,1,0,-1.9606,-1.9606,0,16.0969,19.9377,idle,4.0474,4.071,4.0451,4.0687,4.0696,0.4,
169865,RUNNING,3.7037,3.9193,-1.4625,-1.8248,0.0,0,0.0,31,1,0,-1.8248,-1.8248,0,16.4485,19.9377,idle,3.7044,3.9201,3.7032,3.9188,3.9193,0.4,
169966,RUNNING,2.8806,3.5624,-1.4625,-1.448,0.0,0,0.0,33,1,0,-1.448,-1.448,0,16.4485,19.9377,idle,2.8812,3.5631,2.8803,3.5619,3.5624,0.4,
170066,RUNNING,2.1264,2.7761,-1.0125,6.4695,120.0,0,0.0,13,1,0,6.4695,6.4695,0,16.9758,19.9377,idle,2.1266,2.7763,2.1263,2.7759,2.7761,0.4,
170167,RUNNING,1.2347,2.0189,0.675,0.26,188.7,0,0.0,32,1,0,0.26,0.26,0,18.3821,19.9377,idle,1.2348,2.019,1.2347,2.0188,2.0189,0.4,
170267,RUNNING,0.7041,1.3839,2.25,0.9657,68.7,0,0.0,31,1,0,0.9657,0.9657,0,20.1399,19.9377,idle,0.7044,1.3846,0.7039,1.3835,1.3839,0.4,
170368,RUNNING,0.0686,0.785,2.5875,1.6301,-51.3,0,0.0,30,1,0,1.6301,1.6301,0,20.4915,19.9377,idle,0.0686,0.7854,0.0685,0.7846,0.785,0.4,
170468,RUNNING,-0.1187,0.3347,2.25,2.132,0.0,0,0.0,31,1,0,2.132,2.132,0,20.2278,19.9377,idle,-0.1188,0.3348,-0.1187,0.3346,0.3347,0.4,
170568,RUNNING,-1.3025,-0.3132,2.7,2.8594,0.0,0,0.0,31,1,0,2.8594,2.8594,0,20.6672,19.9377,idle,-1.3034,-0.3134,-1.302,-0.313,-0.3132,0.4,
170670,RUNNING,-1.7123,-1.0266,4.1625,3.6539,208.64,0,0.0,32,1,0,3.6539,3.6539,0,21.8977,19.9377,idle,-1.715,-1.0282,-1.7105,-1.0255,-1.0266,0.4,
170772,RUNNING,-2.5729,-1.9207,8.1,4.6238,328.64,0,0.0,22,1,0,4.6238,4.6238,0,25.9407,19.9377,idle,-2.5884,-1.9322,-2.5626,-1.913,-1.9207,0.4,
170873,RUNNING,-3.3715,-2.5839,11.3625,5.3431,208.64,0,0.0,30,1,0,5.3431,5.3431,0,29.2805,19.9377,idle,-3.4116,-2.6147,-3.3447,-2.5634,-2.5839,0.4,
170975,RUNNING,-3.5138,-3.0541,12.825,5.9749,-151.36,0,0.0,31,1,0,5.9749,5.9749,0,31.1262,19.9377,idle,-3.5672,-3.1005,-3.4782,-3.0231,-3.0541,0.4,
171076,RUNNING,-3.8057,-3.2918,10.125,6.4112,-511.36,0,0.0,72,1,1,6.4112,6.4112,0,28.7532,19.9377,idle,-3.8416,-3.3228,-3.7818,-3.2711,-3.2918,0.4,
171177,RUNNING,-3.8296,-3.3124,5.85,6.3613,-27.06,0,0.0,173,1,3,6.3613,6.3613,0,24.2708,19.9377,idle,-3.8416,-3.3228,-3.8216,-3.3055,-3.3124,0.4,
171279,RUNNING,-4.539,-3.9597,7.425,6.9957,190.0,0,0.0,31,1,0,6.9957,6.9957,0,25.3254,19.9377,idle,-4.5619,-3.9797,-4.5237,-3.9463,-3.9597,0.4,
171380,RUNNING,-4.8678,-4.3464,9.1125,7.4661,70.0,0,0.0,31,1,0,7.4661,7.4661,0,27.0833,19.9377,idle,-4.9049,-4.3795,-4.843,-4.3242,-4.3464,0.4,
171483,RUNNING,-4.8795,-4.3568,7.5375,7.6767,-93.36,0,0.0,133,1,2,7.6767,7.6767,0,26.2043,19.9377,idle,-4.9049,-4.3795,-4.8625,-4.3417,-4.3568,0.4,
171584,RUNNING,-5.4604,-4.6884,7.425,16.3659,120.0,0,0.0,10,1,0,16.3659,16.3659,0,25.677,19.9377,idle,-5.488,-4.7121,-5.442,-4.6726,-4.6884,0.4,
171684,RUNNING,-5.4401,-5.106,9.7875,8.3429,181.42,0,0.0,29,1,0,8.3429,8.3429,0,27.6985,19.9377,idle,-5.488,-5.151,-5.4081,-5.076,-5.106,0.4,
171786,RUNNING,-5.8302,-5.3823,11.3625,8.7459,61.42,0,0.0,31,1,0,8.7459,8.7459,0,29.4563,19.9377,idle,-5.8996,-5.4464,-5.784,-5.3396,-5.3823,0.4,
171887,RUNNING,-5.8275,-5.6081,11.5875,9.1317,-120.0,0,0.0,31,1,0,9.1317,9.1317,0,29.9836,19.9377,idle,-5.8996,-5.6775,-5.7794,-5.5618,-5.6081,0.4,
171987,RUNNING,-5.9173,-5.7689,9.675,9.4402,-158.27,0,0.0,30,1,0,9.4402,9.4402,0,28.1379,19.9377,idle,-5.9682,-5.8186,-5.8833,-5.7358,-5.7689,0.4,
172089,RUNNING,-5.9196,-5.8157,9.45,9.3862,0.0,0,0.0,32,1,0,9.3862,9.3862,0,27.6106,19.9377,idle,-5.9682,-5.8635,-5.8872,-5.7839,-5.8157,0.4,
172189,RUNNING,-5.6815,-5.7575,9.45,8.5916,-120.0,0,0.0,11,1,0,8.5916,8.5916,0,27.6985,19.9377,idle,-5.7281,-5.8048,-5.6504,-5.726,-5.7575,0.4,
172291,RUNNING,-6.0603,-5.8354,9.0,9.4892,228.42,0,0.0,30,1,0,9.4892,9.4892,0,27.1711,19.9377,idle,-6.1054,-5.8789,-6.0302,-5.8065,-5.8354,0.4,
172392,RUNNING,-6.8708,-6.1421,9.5625,9.9285,108.42,0,0.0,31,1,0,9.9285,9.9285,0,27.8743,19.9377,idle,-6.9286,-6.1938,-6.8323,-6.1077,-6.1421,0.4,
172493,RUNNING,-4.2841,-5.6931,9.7875,9.5229,-167.99,0,0.0,31,1,0,9.5229,9.5229,0,28.1379,19.9377,idle,-4.3218,-5.7433,-4.2589,-5.6597,-5.6931,0.4,
172595,RUNNING,-4.8468,-5.2724,7.3125,9.1096,-47.99,0,0.0,51,1,0,9.1096,9.1096,0,25.8528,19.9377,idle,-4.8706,-5.2982,-4.831,-5.2551,-5.2724,0.4,
172697,RUNNING,-4.8346,-5.2591,9.0,8.9276,104.97,0,0.0,153,1,3,8.9276,8.9276,0,26.9954,19.9377,idle,-4.8706,-5.2982,-4.8106,-5.233,-5.2591,0.4,
172798,RUNNING,-4.8346,-5.2591,9.0,9.0828,0.0,0,0.0,254,1,5,9.0828,9.0828,0,27.3469,19.9377,idle,-4.8706,-5.2982,-4.8106,-5.233,-5.2591,0.4,
172898,RUNNING,-4.8346,-5.2591,9.0,9.1112,0.0,0,0.0,354,0,7,9.1112,9.1112,0,27.3469,19.9377,idle,-4.8706,-5.2982,-4.8106,-5.233,-5.2591,0.4,
172998,RUNNING,-4.8346,-5.2591,9.0,9.1112,0.0,0,0.0,454,0,9,9.1112,9.1112,0,27.3469,19.9377,idle,-4.8706,-5.2982,-4.8106,-5.233,-5.2591,0.4,
173099,RUNNING,-4.8346,-5.2591,9.0,9.1112,0.0,0,0.0,554,0,11,9.1112,9.1112,0,27.3469,19.9377,idle,-4.8706,-5.2982,-4.8106,-5.233,-5.2591,0.4,
173199,RUNNING,-4.8346,-5.2591,9.0,9.1112,0.0,0,0.0,654,0,14,9.1112,9.1112,0,27.3469,19.9377,idle,-4.8706,-5.2982,-4.8106,-5.233,-5.2591,0.4,
173299,RUNNING,-4.8346,-5.2591,9.0,9.1112,0.0,0,0.0,754,0,16,9.1112,9.1112,0,27.3469,19.9377,idle,-4.8706,-5.2982,-4.8106,-5.233,-5.2591,0.4,
173399,RUNNING,-4.8346,-5.2591,9.0,9.1112,0.0,0,0.0,855,0,19,9.1112,9.1112,0,27.3469,19.9377,idle,-4.8706,-5.2982,-4.8106,-5.233,-5.2591,0.4,
173499,RUNNING,-4.8346,-5.2591,9.0,9.1112,0.0,0,0.0,955,0,19,9.1112,9.1112,0,27.3469,19.9377,idle,-4.8706,-5.2982,-4.8106,-5.233,-5.2591,0.4,
173599,RUNNING,-1.8626,-3.0332,6.8625,-5.9874,-360.0,0,0.0,11,1,0,-5.9874,-5.9874,0,25.5012,19.9377,idle,-1.8706,-3.0463,-1.8572,-3.0244,-3.0332,0.4,
173702,RUNNING,-1.5076,-2.2979,3.375,5.854,-240.0,0,0.0,31,1,0,5.854,5.854,0,21.9856,19.9377,idle,-1.5092,-2.3003,-1.5066,-2.2963,-2.2979,0.4,
173803,RUNNING,0.8391,-0.4926,0.0,-10.6463,-360.0,0,0.0,11,1,0,-10.6463,-10.6463,0,18.5579,19.9377,idle,0.8391,-0.4926,0.8391,-0.4926,-0.4926,0.4,
173904,RUNNING,1.3086,0.3884,-3.4875,2.8126,-240.0,0,0.0,30,1,0,2.8126,2.8126,0,15.0422,19.9377,idle,1.3101,0.3888,1.3077,0.3881,0.3884,0.4,
174006,RUNNING,1.3084,0.3883,-3.7125,2.8016,360.0,0,0.0,132,1,2,2.8016,2.8016,0,13.9875,19.9377,idle,1.3101,0.3888,1.3073,0.388,0.3883,0.4,
174107,RUNNING,1.3097,0.3887,1.9125,2.8054,358.94,0,0.0,233,1,4,2.8054,2.8054,0,19.6125,19.9377,idle,1.3101,0.3888,1.3094,0.3886,0.3887,0.4,
174208,RUNNING,1.3086,0.3884,3.4875,2.8009,-1.06,0,0.0,334,0,7,2.8009,2.8009,0,21.8098,19.9377,idle,1.3101,0.3888,1.3077,0.3881,0.3884,0.4,
174308,RUNNING,3.2902,1.259,2.925,1.8114,-344.65,0,0.0,33,1,0,1.8114,1.8114,0,21.2825,19.9377,idle,3.2928,1.26,3.2885,1.2584,1.259,0.4,
174409,RUNNING,6.7999,4.4267,-1.575,-18.9,-464.65,0,0.0,12,1,0,-27.4807,-18.9,1,16.8879,19.9377,idle,6.8014,4.4277,6.7989,4.426,4.4267,0.4,
174512,RUNNING,7.1277,5.8296,-6.3,-3.2001,-344.65,0,0.0,31,1,0,-3.2001,-3.2001,0,12.2297,19.9377,idle,7.1536,5.8508,7.1104,5.8155,5.8296,0.4,
174613,RUNNING,7.234,6.7133,-10.6875,-9.8343,-189.87,0,0.0,11,1,0,-9.8343,-9.8343,0,7.6594,19.9377,idle,7.3101,6.7839,7.1833,6.6662,6.7133,0.4,
174714,RUNNING,7.5419,7.107,-10.2375,-5.1217,410.13,0,0.0,32,1,0,-5.1217,-5.1217,0,7.22,19.9377,idle,7.6146,7.1756,7.4934,7.0613,7.107,0.4,
174816,RUNNING,7.8671,7.4754,-5.5125,-5.4867,203.32,0,0.0,32,1,0,-5.4867,-5.4867,0,12.1418,19.9377,idle,7.889,7.4962,7.8525,7.4615,7.4754,0.4,
174918,RUNNING,7.8689,7.4771,-5.2875,-5.3819,0.0,0,0.0,134,1,2,-5.3819,-5.3819,0,12.7571,19.9377,idle,7.889,7.4962,7.8554,7.4643,7.4771,0.4,
175019,RUNNING,8.0057,7.6357,-5.2875,-9.6458,-120.0,0,0.0,12,1,0,-9.6458,-9.6458,0,12.7571,19.9377,idle,8.0262,7.6552,7.992,7.6226,7.6357,0.4,
175119,RUNNING,7.661,7.7191,-5.625,-5.8236,0.0,0,0.0,31,1,0,-5.8236,-5.8236,0,12.2297,19.9377,idle,7.6832,7.7415,7.6462,7.7042,7.7191,0.4,
175219,RUNNING,5.0182,6.3466,-4.1625,-4.385,222.91,0,0.0,32,1,0,-4.385,-4.385,0,13.4602,19.9377,idle,5.0262,6.3567,5.0129,6.3399,6.3466,0.4,
175323,RUNNING,4.5351,5.2416,-2.025,4.5553,342.91,0,0.0,1,1,0,4.5553,4.5553,0,15.7454,19.9377,idle,4.5368,5.2435,4.534,5.2403,5.2416,0.4,
175424,RUNNING,4.3901,4.9873,0.7875,-2.8199,-17.09,0,0.0,63,1,0,-2.8199,-2.8199,0,18.8215,19.9377,idle,4.3904,4.9876,4.39,4.9871,4.9873,0.4,
175525,RUNNING,4.3889,4.9859,-1.9125,-2.8227,-335.02,0,0.0,164,1,3,-2.8227,-2.8227,0,16.6243,19.9377,idle,4.3904,4.9876,4.388,4.9848,4.9859,0.4,
175627,RUNNING,4.3861,4.9827,-3.2625,-2.9123,193.28,0,0.0,266,1,5,-2.9123,-2.9123,0,14.6028,19.9377,idle,4.3904,4.9876,4.3833,4.9795,4.9827,0.4,
175729,RUNNING,1.6823,3.994,-2.475,-1.815,240.0,0,0.0,32,1,0,-1.815,-1.815,0,15.4817,19.9377,idle,1.6832,3.9963,1.6816,3.9926,3.994,0.4,
175832,RUNNING,-0.0686,1.8679,0.7875,21.5805,360.0,0,0.0,11,1,0,21.5805,21.5805,0,18.7336,19.9377,idle,-0.0686,1.868,-0.0686,1.8679,1.8679,0.4,
175933,RUNNING,-1.5338,0.1469,4.275,2.5017,240.0,0,0.0,31,1,0,2.5017,2.5017,0,22.0735,19.9377,idle,-1.5364,0.1471,-1.5321,0.1467,0.1469,0.4,
176034,RUNNING,-1.6558,-0.7616,6.525,3.5149,120.0,0,0.0,31,1,0,3.5149,3.5149,0,24.4465,19.9377,idle,-1.6623,-0.7646,-1.6515,-0.7597,-0.7616,0.4,
176136,RUNNING,-2.1162,-1.3661,7.3125,4.2022,0.0,0,0.0,30,1,0,4.2022,4.2022,0,25.3254,19.9377,idle,-2.1266,-1.3728,-2.1093,-1.3616,-1.3661,0.4,
176236,RUNNING,-3.0558,-2.1174,6.75,5.0774,-120.0,0,0.0,32,1,0,5.0774,5.0774,0,24.9739,19.9377,idle,-3.0686,-2.1263,-3.0473,-2.1115,-2.1174,0.4,
176336,RUNNING,-4.6979,-3.7867,6.3,16.8327,240.0,0,0.0,11,1,0,16.8327,16.8327,0,24.3586,19.9377,idle,-4.715,-3.8005,-4.6865,-3.7776,-3.7867,0.4,
176438,RUNNING,-5.5013,-4.5696,8.55,7.7807,120.0,0,0.0,30,1,0,7.7807,7.7807,0,26.468,19.9377,idle,-5.5382,-4.6003,-5.4767,-4.5492,-4.5696,0.4,
176539,RUNNING,-7.5476,-5.7641,9.45,9.1944,0.0,0,0.0,31,1,0,9.1944,9.1944,0,27.5227,19.9377,idle,-7.6096,-5.8114,-7.5063,-5.7326,-5.7641,0.4,
176640,RUNNING,-7.6429,-6.7079,10.125,10.1828,120.0,0,0.0,30,1,0,10.1828,10.1828,0,28.05,19.9377,idle,-7.715,-6.7712,-7.5949,-6.6657,-6.7079,0.4,
176741,RUNNING,-8.949,-7.9248,12.0375,22.7915,240.0,0,0.0,11,1,0,22.7915,22.7915,0,30.2473,19.9377,idle,-9.0686,-8.0307,-8.8692,-7.8541,-7.9248,0.4,
176842,RUNNING,-10.4675,-9.1907,14.175,12.9766,120.0,0,0.0,30,1,0,12.9766,12.9766,0,32.1809,19.9377,idle,-10.6623,-9.3618,-10.3377,-9.0767,-9.1907,0.4,
176945,RUNNING,-10.8199,-9.9443,14.9625,14.0036,0.0,0,0.0,31,1,0,14.0036,14.0036,0,33.1477,19.9377,idle,-11.0446,-10.1508,-10.6701,-9.8066,-9.9443,0.4,
177046,RUNNING,-11.2018,-10.6884,15.6375,20.5495,120.0,0,0.0,10,1,0,20.5495,20.5495,0,33.9387,19.9377,idle,-11.4562,-10.9312,-11.0322,-10.5266,-10.6884,0.4,
177147,RUNNING,-11.1719,-10.921,16.5375,15.2121,0.0,0,0.0,29,1,0,15.2121,15.2121,0,34.7297,19.9377,idle,-11.4562,-11.1989,-10.9823,-10.7357,-10.921,0.4,
177249,RUNNING,-11.187,-11.0639,16.0875,15.73,-120.0,0,0.0,31,1,0,15.73,15.73,0,34.4661,19.9377,idle,-11.4562,-11.3301,-11.0076,-10.8865,-11.0639,0.4,
177350,RUNNING,-11.2578,-11.1686,15.975,16.796,120.0,0,0.0,11,1,0,16.796,16.796,0,34.2903,19.9377,idle,-11.5248,-11.4335,-11.0797,-10.992,-11.1686,0.4,
177452,RUNNING,-11.5612,-11.3539,16.875,15.9131,0.0,0,0.0,29,1,0,15.9131,15.9131,0,34.8176,19.9377,idle,-11.8678,-11.655,-11.3568,-11.1532,-11.3539,0.4,
177553,RUNNING,-11.5772,-11.4755,16.425,16.4271,0.0,0,0.0,31,1,0,16.4271,16.4271,0,34.6418,19.9377,idle,-11.8678,-11.7635,-11.3835,-11.2835,-11.4755,0.4,
177653,RUNNING,-12.4299,-11.9405,16.875,16.7192,0.0,0,0.0,31,1,0,16.7192,16.7192,0,34.8176,19.9377,idle,-12.7596,-12.2571,-12.2102,-11.7293,-11.9405,0.4,
177756,RUNNING,-12.4123,-12.1728,17.325,17.0522,0.0,0,0.0,31,1,0,17.0522,17.0522,0,35.1692,19.9377,idle,-12.7596,-12.5134,-12.1807,-11.9457,-12.1728,0.4,
177857,RUNNING,-12.3895,-12.3075,17.8875,18.397,120.0,0,0.0,10,1,0,18.397,18.397,0,35.8723,19.9377,idle,-12.7596,-12.6752,-12.1428,-12.0625,-12.3075,0.4,
177958,RUNNING,-10.7949,-11.8602,17.775,17.3097,-222.78,0,0.0,30,1,0,17.3097,17.3097,0,36.0481,19.9377,idle,-11.1132,-12.2099,-10.5827,-11.627,-11.8602,0.4,
178061,RUNNING,-9.5397,-10.9912,15.75,16.5545,-102.78,0,0.0,31,1,0,16.5545,16.5545,0,34.2024,19.9377,idle,-9.7596,-11.2445,-9.3932,-10.8223,-10.9912,0.4,
178162,RUNNING,-9.5581,-10.2707,15.075,15.6097,17.22,0,0.0,31,1,0,15.6097,15.6097,0,33.4993,19.9377,idle,-9.7596,-10.4872,-9.4237,-10.1263,-10.2707,0.4,
178265,RUNNING,-7.9555,-9.421,14.625,14.7022,0.0,0,0.0,32,1,0,14.7022,14.7022,0,32.9719,19.9377,idle,-8.1132,-9.6078,-7.8503,-9.2965,-9.421,0.4,
178365,RUNNING,-6.64,-8.1505,13.95,-2.9377,-319.52,0,0.0,13,1,0,-2.9377,-2.9377,0,32.2688,19.9377,idle,-6.7596,-8.2973,-6.5602,-8.0526,-8.1505,0.4,
178466,RUNNING,-6.6538,-7.4231,10.8,12.7248,-199.52,0,0.0,32,1,0,12.7248,12.7248,0,29.3684,19.9377,idle,-6.7253,-7.5028,-6.6062,-7.3699,-7.4231,0.4,
178568,RUNNING,-4.7395,-6.3014,9.0,11.3261,-79.52,0,0.0,32,1,0,11.3261,11.3261,0,27.4348,19.9377,idle,-4.7748,-6.3483,-4.716,-6.2701,-6.3014,0.4,
178670,RUNNING,-3.7332,-5.0633,8.775,9.8726,40.48,0,0.0,33,1,0,9.8726,9.8726,0,26.9075,19.9377,idle,-3.7596,-5.0991,-3.7156,-5.0394,-5.0633,0.4,
178771,RUNNING,-2.8866,-3.845,7.65,8.5539,-79.52,0,0.0,21,1,0,8.5539,8.5539,0,25.9407,19.9377,idle,-2.9021,-3.8656,-2.8763,-3.8312,-3.845,0.4,
178873,RUNNING,-1.0926,-2.5836,7.3125,7.1186,0.0,0,0.0,32,1,0,7.1186,7.1186,0,25.5012,19.9377,idle,-1.098,-2.5963,-1.0891,-2.5752,-2.5836,0.4,
178973,RUNNING,-0.7402,-1.6495,5.7375,6.108,-221.07,0,0.0,32,1,0,6.108,6.108,0,24.095,19.9377,idle,-0.7425,-1.6544,-0.7387,-1.6461,-1.6495,0.4,
179076,RUNNING,-0.3132,-1.2501,4.275,5.6281,138.93,0,0.0,72,1,1,5.6281,5.6281,0,22.3372,19.9377,idle,-0.3137,-1.2522,-0.3128,-1.2487,-1.2501,0.4,
179177,RUNNING,-0.3126,-1.248,6.075,5.633,-116.64,0,0.0,174,1,3,5.633,5.633,0,24.0071,19.9377,idle,-0.3137,-1.2522,-0.3119,-1.2452,-1.248,0.4,
179278,RUNNING,2.2367,0.4572,4.275,3.7121,-245.04,0,0.0,32,1,0,3.7121,3.7121,0,22.6887,19.9377,idle,2.2404,0.458,2.2342,0.4567,0.4572,0.4,
179380,RUNNING,2.4692,1.061,3.4875,3.0359,-125.04,0,0.0,32,1,0,3.0359,3.0359,0,21.3704,19.9377,idle,2.4719,1.0621,2.4673,1.0602,1.061,0.4,
179481,RUNNING,4.6983,2.6512,1.35,1.2258,-157.29,0,0.0,33,1,0,1.2258,1.2258,0,19.6125,19.9377,idle,4.6991,2.6516,4.6978,2.6509,2.6512,0.4,
179582,RUNNING,4.6987,4.1045,-1.0125,-6.8633,-277.29,0,0.0,13,1,0,-6.8633,-6.8633,0,16.9758,19.9377,idle,4.6991,4.1049,4.6984,4.1042,4.1045,0.4,
179684,RUNNING,4.1835,4.1444,-1.6875,-0.5119,322.71,0,0.0,32,1,0,-0.5119,-0.5119,0,15.9211,19.9377,idle,4.1846,4.1455,4.1828,4.1437,4.1444,0.4,
179785,RUNNING,4.3561,4.2529,-0.3375,-0.6449,-181.07,0,0.0,32,1,0,-0.6449,-0.6449,0,17.679,19.9377,idle,4.3561,4.2529,4.356,4.2528,4.2529,0.4,
179888,RUNNING,4.1846,4.2181,-0.1125,-0.6382,56.29,0,0.0,31,1,0,-0.6382,-0.6382,0,17.4153,19.9377,idle,4.1846,4.2181,4.1846,4.2181,4.2181,0.4,
179989,RUNNING,3.4296,3.7402,1.125,3.2495,176.29,0,0.0,10,1,0,3.2495,3.2495,0,18.9094,19.9377,idle,3.43,3.7406,3.4293,3.7399,3.7402,0.4,
180089,RUNNING,2.4681,3.1049,2.5875,0.5797,56.29,0,0.0,30,1,0,0.5797,0.5797,0,20.2278,19.9377,idle,2.4696,3.1068,2.4671,3.1036,3.1049,0.4,
180190,RUNNING,1.1837,2.3946,2.8125,1.352,-63.71,0,0.0,31,1,0,1.352,1.352,0,20.6672,19.9377,idle,1.1846,2.3963,1.1832,2.3934,2.3946,0.4,
180291,RUNNING,0.4299,1.5516,1.575,2.2827,66.63,0,0.0,33,1,0,2.2827,2.2827,0,19.6125,19.9377,idle,0.43,1.552,0.4298,1.5514,1.5516,0.4,
180391,RUNNING,-0.4109,0.3017,4.275,11.4237,396.57,0,0.0,11,1,0,11.4237,11.4237,0,21.8977,19.9377,idle,-0.4116,0.3022,-0.4105,0.3014,0.3017,0.4,
180493,RUNNING,-0.8181,-0.1946,8.2125,4.238,276.57,0,0.0,31,1,0,4.238,4.238,0,25.7649,19.9377,idle,-0.8232,-0.1958,-0.8148,-0.1938,-0.1946,0.4,
180594,RUNNING,-1.0187,-0.4413,10.4625,4.5214,-83.43,0,0.0,72,1,1,4.5214,4.5214,0,28.3137,19.9377,idle,-1.029,-0.4458,-1.0119,-0.4384,-0.4413,0.4,
180697,RUNNING,-1.7522,-1.0675,9.0,5.244,-203.43,0,0.0,32,1,0,5.244,5.244,0,27.259,19.9377,idle,-1.7652,-1.0755,-1.7435,-1.0622,-1.0675,0.4,
180798,RUNNING,-1.9765,-1.655,8.4375,5.8979,-83.43,0,0.0,21,1,0,5.8979,5.8979,0,26.5559,19.9377,idle,-1.9894,-1.6658,-1.9679,-1.6478,-1.655,0.4,
180899,RUNNING,-1.8122,-1.7379,5.85,6.0377,-116.8,0,0.0,31,1,0,6.0377,6.0377,0,24.1829,19.9377,idle,-1.8179,-1.7434,-1.8084,-1.7343,-1.7379,0.4,
181001,RUNNING,-1.743,-1.7473,6.3,6.0265,-66.26,0,0.0,31,1,0,6.0265,6.0265,0,24.095,19.9377,idle,-1.7493,-1.7536,-1.7387,-1.743,-1.7473,0.4,
181102,RUNNING,-1.7774,-1.7564,6.1875,6.0544,0.0,0,0.0,73,1,1,6.0544,6.0544,0,24.1829,19.9377,idle,-1.7836,-1.7626,-1.7732,-1.7523,-1.7564,0.4,
181202,RUNNING,-1.7774,-1.7671,6.1875,6.0783,0.0,0,0.0,32,1,0,6.0783,6.0783,0,24.1829,19.9377,idle,-1.7836,-1.7733,-1.7732,-1.763,-1.7671,0.4,
181303,RUNNING,-1.7432,-1.7636,6.1875,5.8648,-120.0,0,0.0,13,1,0,5.8648,5.8648,0,24.1829,19.9377,idle,-1.7493,-1.7698,-1.7391,-1.7595,-1.7636,0.4,
181403,RUNNING,-1.9822,-1.8319,6.3,6.1634,0.0,0,0.0,31,1,0,6.1634,6.1634,0,24.095,19.9377,idle,-1.9894,-1.8386,-1.9774,-1.8275,-1.8319,0.4,
181504,RUNNING,-1.9819,-1.8767,6.4125,6.251,0.0,0,0.0,72,1,1,6.251,6.251,0,24.4465,19.9377,idle,-1.9894,-1.8838,-1.977,-1.872,-1.8767,0.4,
181604,RUNNING,-1.9819,-1.8873,6.4125,6.2504,0.0,0,0.0,31,1,0,6.2504,6.2504,0,24.1829,19.9377,idle,-1.9894,-1.8944,-1.977,-1.8826,-1.8873,0.4,
181704,RUNNING,-1.5727,-1.7273,5.9625,6.1058,0.0,0,0.0,32,1,0,6.1058,6.1058,0,24.095,19.9377,idle,-1.5778,-1.733,-1.5693,-1.7236,-1.7273,0.4,
181806,RUNNING,-0.6841,-1.2962,5.5125,5.6275,0.0,0,0.0,32,1,0,5.6275,5.6275,0,23.6555,19.9377,idle,-0.686,-1.2999,-0.6828,-1.2938,-1.2962,0.4,
181906,RUNNING,-0.0684,-0.735,5.0625,4.9986,0.0,0,0.0,21,1,0,4.9986,4.9986,0,23.2161,19.9377,idle,-0.0686,-0.7367,-0.0683,-0.7339,-0.735,0.4,
182006,RUNNING,1.1306,0.2088,3.6,3.9307,-221.03,0,0.0,32,1,0,3.9307,3.9307,0,21.8977,19.9377,idle,1.1319,0.2091,1.1297,0.2086,0.2088,0.4,
182108,RUNNING,1.7397,0.9897,1.575,3.0468,-101.03,0,0.0,31,1,0,3.0468,3.0468,0,19.7004,19.9377,idle,1.7401,0.9899,1.7394,0.9895,0.9897,0.4,
182208,RUNNING,2.872,2.1347,-0.225,-6.2476,-221.03,0,0.0,11,1,0,-6.2476,-6.2476,0,17.679,19.9377,idle,2.872,2.1347,2.872,2.1347,2.1347,0.4,
182309,RUNNING,3.3165,2.6434,-2.1375,1.1726,-101.03,0,0.0,32,1,0,1.1726,1.1726,0,15.9211,19.9377,idle,3.3179,2.6445,3.3156,2.6426,2.6434,0.4,
182411,RUNNING,3.7023,2.9608,-2.475,0.7774,258.97,0,0.0,73,1,1,0.7774,0.7774,0,15.218,19.9377,idle,3.7044,2.9625,3.7009,2.9597,2.9608,0.4,
182511,RUNNING,3.7039,2.962,1.2375,0.7714,88.69,0,0.0,173,1,3,0.7714,0.7714,0,18.8215,19.9377,idle,3.7044,2.9625,3.7035,2.9618,2.962,0.4,
182611,RUNNING,3.7043,2.9624,0.45,0.7419,38.93,0,0.0,273,1,5,0.7419,0.7419,0,18.47,19.9377,idle,3.7044,2.9625,3.7043,2.9624,2.9624,0.4,
182711,RUNNING,3.7043,2.9624,0.5625,0.7277,0.0,0,0.0,374,0,7,0.7277,0.7277,0,18.3821,19.9377,idle,3.7044,2.9625,3.7042,2.9623,2.9624,0.4,
182811,RUNNING,3.7043,2.9624,0.5625,0.7277,0.0,0,0.0,474,0,9,0.7277,0.7277,0,18.3821,19.9377,idle,3.7044,2.9625,3.7042,2.9623,2.9624,0.4,
182912,RUNNING,3.7043,2.9624,0.5625,0.7277,0.0,0,0.0,574,0,10,0.7277,0.7277,0,18.3821,19.9377,idle,3.7044,2.9625,3.7042,2.9623,2.9624,0.4,
183012,RUNNING,6.7039,4.8705,-0.9,-1.4225,-240.0,0,0.0,32,1,0,-1.4225,-1.4225,0,17.1516,19.9377,idle,6.7044,4.8708,6.7036,4.8702,4.8705,0.4,
183113,RUNNING,6.6983,5.8007,-3.15,-2.4791,-120.0,0,0.0,32,1,0,-2.4791,-2.4791,0,14.9543,19.9377,idle,6.7044,5.806,6.6943,5.7972,5.8007,0.4,
183216,RUNNING,6.701,5.803,-2.3625,-2.5791,0.0,0,0.0,134,1,2,-2.5791,-2.5791,0,15.1301,19.9377,idle,6.7044,5.806,6.6987,5.801,5.803,0.4,
183316,RUNNING,6.701,5.803,-2.3625,-2.5953,-120.0,0,0.0,235,1,4,-2.5953,-2.5953,0,15.3938,19.9377,idle,6.7044,5.806,6.6987,5.801,5.803,0.4,
183416,RUNNING,6.6999,5.8021,-2.7,-2.6256,0.0,0,0.0,335,0,7,-2.6256,-2.6256,0,15.1301,19.9377,idle,6.7044,5.806,6.697,5.7995,5.8021,0.4,
183516,RUNNING,6.6999,5.8021,-2.7,-2.6256,0.0,0,0.0,436,0,9,-2.6256,-2.6256,0,15.1301,19.9377,idle,6.7044,5.806,6.697,5.7995,5.8021,0.4,
183616,RUNNING,6.6999,5.8021,-2.7,-2.6256,0.0,0,0.0,536,0,11,-2.6256,-2.6256,0,15.1301,19.9377,idle,6.7044,5.806,6.697,5.7995,5.8021,0.4,
183716,RUNNING,6.6999,5.8021,-2.7,-2.6256,0.0,0,0.0,636,0,12,-2.6256,-2.6256,0,15.1301,19.9377,idle,6.7044,5.806,6.697,5.7995,5.8021,0.4,
183817,RUNNING,3.7039,4.7335,-1.2375,-1.4735,237.69,0,0.0,32,1,0,-1.4735,-1.4735,0,16.1848,19.9377,idle,3.7044,4.7342,3.7035,4.7331,4.7335,0.4,
183918,RUNNING,3.7383,4.2189,1.0125,-0.8941,117.69,0,0.0,32,1,0,-0.8941,-0.8941,0,18.5579,19.9377,idle,3.7387,4.2193,3.7381,4.2186,4.2189,0.4,
184019,RUNNING,3.7377,3.9803,1.6875,-0.6536,-2.31,0,0.0,31,1,0,-0.6536,-0.6536,0,19.3489,19.9377,idle,3.7387,3.9814,3.7371,3.9797,3.9803,0.4,
184120,RUNNING,3.7042,3.8981,0.675,-0.6014,-362.31,0,0.0,72,1,1,-0.6014,-0.6014,0,18.8215,19.9377,idle,3.7044,3.8983,3.7041,3.898,3.8981,0.4,
184221,RUNNING,3.7041,3.898,-0.9,-0.6243,171.48,0,0.0,173,1,3,-0.6243,-0.6243,0,16.7122,19.9377,idle,3.7044,3.8983,3.7039,3.8978,3.898,0.4,
184324,RUNNING,3.7043,3.8982,-0.5625,-0.6467,0.0,0,0.0,275,1,5,-0.6467,-0.6467,0,17.1516,19.9377,idle,3.7044,3.8983,3.7042,3.8981,3.8982,0.4,
184424,RUNNING,3.7043,3.8982,-0.5625,-0.6625,0.0,0,0.0,375,0,7,-0.6625,-0.6625,0,17.1516,19.9377,idle,3.7044,3.8983,3.7042,3.8981,3.8982,0.4,
184524,RUNNING,3.7043,3.8982,-0.5625,-0.6625,0.0,0,0.0,475,0,10,-0.6625,-0.6625,0,17.1516,19.9377,idle,3.7044,3.8983,3.7042,3.8981,3.8982,0.4,
184624,RUNNING,3.7043,3.8982,-0.5625,-0.6625,0.0,0,0.0,576,0,11,-0.6625,-0.6625,0,17.1516,19.9377,idle,3.7044,3.8983,3.7042,3.8981,3.8982,0.4,
184724,RUNNING,0.7043,2.2692,0.9,1.16,240.0,0,0.0,31,1,0,1.16,1.16,0,18.3821,19.9377,idle,0.7044,2.2694,0.7043,2.2691,2.2692,0.4,
184824,RUNNING,-0.779,1.0251,3.15,2.5512,120.0,0,0.0,31,1,0,2.5512,2.5512,0,20.6672,19.9377,idle,-0.7797,1.026,-0.7785,1.0245,1.0251,0.4,
184926,RUNNING,-2.2263,-0.6406,3.9375,4.4165,226.05,0,0.0,31,1,0,4.4165,4.4165,0,21.5461,19.9377,idle,-2.2295,-0.6415,-2.2242,-0.64,-0.6406,0.4,
185027,RUNNING,-2.2562,-1.1244,6.075,4.9674,-133.95,0,0.0,80,1,1,4.9674,4.9674,0,23.9192,19.9377,idle,-2.2638,-1.1282,-2.2511,-1.1219,-1.1244,0.4,
185128,RUNNING,-2.2592,-1.1259,4.725,4.9775,164.11,0,0.0,181,1,4,4.9775,4.9775,0,22.6008,19.9377,idle,-2.2638,-1.1282,-2.2561,-1.1244,-1.1259,0.4,
185230,RUNNING,-2.2583,-1.1254,5.175,4.9873,0.0,0,0.0,283,1,6,4.9873,4.9873,0,23.0403,19.9377,idle,-2.2638,-1.1282,-2.2546,-1.1236,-1.1254,0.4,
185330,RUNNING,-2.2583,-1.1254,5.175,4.9904,0.0,0,0.0,383,0,8,4.9904,4.9904,0,23.0403,19.9377,idle,-2.2638,-1.1282,-2.2546,-1.1236,-1.1254,0.4,
185431,RUNNING,-2.2583,-1.1254,5.175,4.9904,0.0,0,0.0,484,0,10,4.9904,4.9904,0,23.0403,19.9377,idle,-2.2638,-1.1282,-2.2546,-1.1236,-1.1254,0.4,
185531,RUNNING,-2.2583,-1.1254,5.175,4.9904,0.0,0,0.0,584,0,13,4.9904,4.9904,0,23.0403,19.9377,idle,-2.2638,-1.1282,-2.2546,-1.1236,-1.1254,0.4,
185631,RUNNING,-2.2583,-1.1254,5.175,4.9904,0.0,0,0.0,684,0,15,4.9904,4.9904,0,23.0403,19.9377,idle,-2.2638,-1.1282,-2.2546,-1.1236,-1.1254,0.4,
185731,RUNNING,-2.2583,-1.1254,5.175,4.9904,0.0,0,0.0,784,0,16,4.9904,4.9904,0,23.0403,19.9377,idle,-2.2638,-1.1282,-2.2546,-1.1236,-1.1254,0.4,
185831,RUNNING,-5.2426,-3.2243,6.6375,7.2956,264.95,0,0.0,31,1,0,7.2956,7.2956,0,24.1829,19.9377,idle,-5.2638,-3.2374,-5.2285,-3.2157,-3.2243,0.4,
185932,RUNNING,-6.7113,-4.6842,9.225,8.9131,144.95,0,0.0,30,1,0,8.9131,8.9131,0,26.9075,19.9377,idle,-6.7638,-4.7208,-6.6763,-4.6598,-4.6842,0.4,
186034,RUNNING,-8.1831,-6.464,10.35,10.9444,251.79,0,0.0,31,1,0,10.9444,10.9444,0,28.05,19.9377,idle,-8.2638,-6.5278,-8.1293,-6.4215,-6.464,0.4,
186135,RUNNING,-8.1222,-7.537,13.725,18.3954,371.79,0,0.0,9,1,0,18.3954,18.3954,0,31.3899,19.9377,idle,-8.2638,-7.6683,-8.0278,-7.4494,-7.537,0.4,
186236,RUNNING,-9.1391,-8.2307,17.4375,12.6197,251.79,0,0.0,29,1,0,12.6197,12.6197,0,35.0813,19.9377,idle,-9.3982,-8.4641,-8.9663,-8.0752,-8.2307,0.4,
186338,RUNNING,-10.8643,-9.2373,19.8,13.8395,131.79,0,0.0,31,1,0,13.8395,13.8395,0,37.5422,19.9377,idle,-11.2638,-9.577,-10.5979,-9.0108,-9.2373,0.4,
186439,RUNNING,-10.8228,-10.0286,20.8125,15.0525,11.79,0,0.0,31,1,0,15.0525,15.0525,0,38.5969,19.9377,idle,-11.2638,-10.4373,-10.5288,-9.7562,-10.0286,0.4,
186542,RUNNING,-11.5273,-10.7972,20.5875,16.0908,-108.21,0,0.0,32,1,0,16.0908,16.0908,0,38.5969,19.9377,idle,-11.9866,-11.2274,-11.2211,-10.5104,-10.7972,0.4,
186644,RUNNING,-12.3008,-11.6088,20.025,24.9448,11.79,0,0.0,9,1,0,24.9448,24.9448,0,38.3333,19.9377,idle,-12.7638,-12.0458,-11.9921,-11.3175,-11.6088,0.4,
186745,RUNNING,-12.6273,-12.0597,20.025,17.6572,-108.21,0,0.0,30,1,0,17.6572,17.6572,0,38.0696,19.9377,idle,-13.1026,-12.5136,-12.3105,-11.7571,-12.0597,0.4,
186848,RUNNING,-12.7034,-12.4236,18.3375,18.5188,0.0,0,0.0,31,1,0,18.5188,18.5188,0,36.5754,19.9377,idle,-13.1026,-12.814,-12.4372,-12.1633,-12.4236,0.4,
186950,RUNNING,-12.7034,-12.5075,18.3375,18.6992,0.0,0,0.0,74,1,1,18.6992,18.6992,0,36.3118,19.9377,idle,-13.1026,-12.9006,-12.4372,-12.2455,-12.5075,0.4,
187052,RUNNING,-12.7034,-12.5075,18.3375,18.5401,0.0,0,0.0,175,1,3,18.5401,18.5401,0,36.136,19.9377,idle,-13.1026,-12.9006,-12.4372,-12.2455,-12.5075,0.4,
187152,RUNNING,-12.6936,-12.4979,18.5625,18.6137,0.0,0,0.0,276,1,6,18.6137,18.6137,0,36.3118,19.9377,idle,-13.1026,-12.9006,-12.421,-12.2295,-12.4979,0.4,
187252,RUNNING,-12.6936,-12.4979,18.5625,18.6474,0.0,0,0.0,376,0,8,18.6474,18.6474,0,36.3118,19.9377,idle,-13.1026,-12.9006,-12.421,-12.2295,-12.4979,0.4,
187355,RUNNING,-6.9215,-9.9032,16.7625,-16.1429,-309.2,0,0.0,11,1,0,-16.1429,-16.1429,0,34.9055,19.9377,idle,-7.1026,-10.1623,-6.8008,-9.7305,-9.9032,0.4,
187456,RUNNING,-6.9789,-8.4521,13.8375,14.6084,-189.2,0,0.0,30,1,0,14.6084,14.6084,0,31.9172,19.9377,idle,-7.1026,-8.6019,-6.8965,-8.3522,-8.4521,0.4,
187557,RUNNING,-4.0475,-6.5332,12.15,12.2916,-69.2,0,0.0,32,1,0,12.2916,12.2916,0,30.2473,19.9377,idle,-4.1026,-6.6222,-4.0107,-6.4739,-6.5332,0.4,
187659,RUNNING,-4.0599,-5.2817,10.6875,10.9357,-213.54,0,0.0,32,1,0,10.9357,10.9357,0,28.6653,19.9377,idle,-4.1026,-5.3372,-4.0314,-5.2446,-5.2817,0.4,
187761,RUNNING,-4.0745,-4.6753,8.6625,10.1908,-93.54,0,0.0,33,1,0,10.1908,10.1908,0,26.7317,19.9377,idle,-4.1026,-4.7076,-4.0558,-4.6539,-4.6753,0.4,
187864,RUNNING,-1.0975,-3.1694,7.0875,8.4574,26.46,0,0.0,52,1,0,8.4574,8.4574,0,24.886,19.9377,idle,-1.1026,-3.184,-1.0942,-3.1597,-3.1694,0.4,
187965,RUNNING,-1.0951,-3.1622,8.6625,8.4327,-68.16,0,0.0,154,1,3,8.4327,8.4327,0,26.2043,19.9377,idle,-1.1026,-3.184,-1.09,-3.1477,-3.1622,0.4,
188066,RUNNING,-1.0956,-2.5434,8.325,7.7928,-238.26,0,0.0,32,1,0,7.7928,7.7928,0,26.2043,19.9377,idle,-1.1026,-2.5596,-1.091,-2.5326,-2.5434,0.4,
188168,RUNNING,1.893,-0.3864,5.0625,-18.9,-358.26,0,0.0,12,1,0,-19.3548,-18.9,1,23.0403,19.9377,idle,1.8974,-0.3874,1.89,-0.3858,-0.3864,0.4,
188270,RUNNING,1.897,0.7777,1.4625,4.0364,-238.26,0,0.0,32,1,0,4.0364,4.0364,0,19.5247,19.9377,idle,1.8974,0.7779,1.8968,0.7776,0.7777,0.4,
188371,RUNNING,4.1472,2.3387,-0.675,2.2761,-118.26,0,0.0,31,1,0,2.2761,2.2761,0,17.1516,19.9377,idle,4.1474,2.3388,4.1471,2.3387,2.3387,0.4,
188473,RUNNING,4.8974,3.1064,0.1125,1.3922,241.74,0,0.0,32,1,0,1.3922,1.3922,0,17.4153,19.9377,idle,4.8974,3.1064,4.8974,3.1064,3.1064,0.4,
188573,RUNNING,4.8961,3.1056,1.6875,1.3695,-184.16,0,0.0,132,1,2,1.3695,1.3695,0,19.3489,19.9377,idle,4.8974,3.1064,4.8953,3.1051,3.1056,0.4,
188676,RUNNING,4.8967,3.106,1.2375,1.351,0.0,0,0.0,234,1,4,1.351,1.351,0,18.8215,19.9377,idle,4.8974,3.1064,4.8963,3.1057,3.106,0.4,
188776,RUNNING,4.8967,3.106,1.2375,1.33,0.0,0,0.0,334,1,6,1.33,1.33,0,18.9094,19.9377,idle,4.8974,3.1064,4.8963,3.1057,3.106,0.4,
188876,RUNNING,4.8967,3.106,1.2375,1.33,0.0,0,0.0,434,0,8,1.33,1.33,0,18.8215,19.9377,idle,4.8974,3.1064,4.8963,3.1057,3.106,0.4,
188977,RUNNING,3.0519,2.8377,1.6875,-0.7108,-120.0,0,0.0,12,1,0,-0.7108,-0.7108,0,19.261,19.9377,idle,3.0527,2.8385,3.0514,2.8372,2.8377,0.4,
189077,RUNNING,2.4005,2.7066,1.575,1.7418,0.0,0,0.0,71,1,1,1.7418,1.7418,0,19.1731,19.9377,idle,2.401,2.7072,2.4001,2.7062,2.7066,0.4,
189177,RUNNING,2.4005,2.7066,1.575,1.7235,0.0,0,0.0,171,1,3,1.7235,1.7235,0,19.1731,19.9377,idle,2.401,2.7072,2.4001,2.7062,2.7066,0.4,
189277,RUNNING,2.4005,2.7066,1.575,1.7052,0.0,0,0.0,271,1,5,1.7052,1.7052,0,19.1731,19.9377,idle,2.401,2.7072,2.4001,2.7062,2.7066,0.4,
189377,RUNNING,2.4005,2.7066,1.575,1.6979,0.0,0,0.0,371,0,8,1.6979,1.6979,0,19.1731,19.9377,idle,2.401,2.7072,2.4001,2.7062,2.7066,0.4,
189477,RUNNING,2.4005,2.7066,1.575,1.6979,0.0,0,0.0,471,0,10,1.6979,1.6979,0,19.1731,19.9377,idle,2.401,2.7072,2.4001,2.7062,2.7066,0.4,
189577,RUNNING,2.4005,2.7066,1.575,1.6979,0.0,0,0.0,571,0,13,1.6979,1.6979,0,19.1731,19.9377,idle,2.401,2.7072,2.4001,2.7062,2.7066,0.4,
189677,RUNNING,2.4005,2.7066,1.575,1.6979,0.0,0,0.0,672,0,15,1.6979,1.6979,0,19.1731,19.9377,idle,2.401,2.7072,2.4001,2.7062,2.7066,0.4,
189777,RUNNING,2.4005,2.7066,1.575,1.6979,0.0,0,0.0,772,0,17,1.6979,1.6979,0,19.1731,19.9377,idle,2.401,2.7072,2.4001,2.7062,2.7066,0.4,
189877,RUNNING,2.4005,2.7066,1.575,1.6979,0.0,0,0.0,872,0,20,1.6979,1.6979,0,19.1731,19.9377,idle,2.401,2.7072,2.4001,2.7062,2.7066,0.4,
189978,RUNNING,2.4005,2.7066,1.575,1.6979,0.0,0,0.0,973,0,20,1.6979,1.6979,0,19.1731,19.9377,idle,2.401,2.7072,2.4001,2.7062,2.7066,0.4,
190078,RUNNING,2.4005,2.7066,1.575,1.6979,0.0,0,0.0,1073,0,22,1.6979,1.6979,0,19.1731,19.9377,idle,2.401,2.7072,2.4001,2.7062,2.7066,0.4,
190178,RUNNING,2.4005,2.7066,1.575,1.6979,0.0,0,0.0,1173,0,25,1.6979,1.6979,0,19.1731,19.9377,idle,2.401,2.7072,2.4001,2.7062,2.7066,0.4,
190278,RUNNING,2.4005,2.7066,1.575,1.6979,0.0,0,0.0,1273,0,27,1.6979,1.6979,0,19.1731,19.9377,idle,2.401,2.7072,2.4001,2.7062,2.7066,0.4,
190380,RUNNING,-0.5987,1.0205,2.3625,21.1637,360.0,0,0.0,13,1,0,21.1637,21.1637,0,19.6125,19.9377,idle,-0.599,1.021,-0.5985,1.0202,1.0205,0.4,
190481,RUNNING,-0.5982,1.0197,3.825,3.5787,-162.1,0,0.0,115,1,2,3.5787,3.5787,0,21.5461,19.9377,idle,-0.599,1.021,-0.5977,1.0188,1.0197,0.4,
190582,RUNNING,-3.5953,-0.3646,3.375,27.9,120.0,0,0.0,10,1,0,40.1816,27.9,1,20.9309,19.9377,idle,-3.599,-0.365,-3.5928,-0.3643,-0.3646,0.4,
190684,RUNNING,-3.5835,-2.0057,6.8625,6.9226,382.19,0,0.0,30,1,0,6.9226,6.9226,0,24.0071,19.9377,idle,-3.599,-2.0143,-3.5732,-1.9999,-2.0057,0.4,
190785,RUNNING,-6.5289,-3.9946,10.8,9.0859,262.19,0,0.0,31,1,0,9.0859,9.0859,0,28.05,19.9377,idle,-6.599,-4.0375,-6.4821,-3.966,-3.9946,0.4,
190886,RUNNING,-6.4932,-5.2582,13.275,10.5065,142.19,0,0.0,30,1,0,10.5065,10.5065,0,30.6868,19.9377,idle,-6.599,-5.3439,-6.4227,-5.2011,-5.2582,0.4,
190988,RUNNING,-7.9463,-6.4672,14.4,11.9325,22.19,0,0.0,31,1,0,11.9325,11.9325,0,31.8293,19.9377,idle,-8.099,-6.5915,-7.8446,-6.3844,-6.4672,0.4,
191089,RUNNING,-9.4209,-7.82,14.2875,13.5697,-97.81,0,0.0,31,1,0,13.5697,13.5697,0,31.9172,19.9377,idle,-9.599,-7.9678,-9.3021,-7.7214,-7.82,0.4,
191192,RUNNING,-9.4291,-8.644,13.95,14.424,224.86,0,0.0,32,1,0,14.424,14.424,0,31.4778,19.9377,idle,-9.599,-8.7997,-9.3159,-8.5402,-8.644,0.4,
191294,RUNNING,-10.2542,-9.5738,18.0,15.0114,344.86,0,0.0,22,1,0,15.0114,15.0114,0,35.345,19.9377,idle,-10.5644,-9.8635,-10.0473,-9.3807,-9.5738,0.4,
191395,RUNNING,-10.584,-10.0294,21.4875,15.5139,224.86,0,0.0,31,1,0,15.5139,15.5139,0,38.8606,19.9377,idle,-11.0446,-10.4658,-10.277,-9.7384,-10.0294,0.4,
191498,RUNNING,-10.6362,-10.3279,21.4875,17.3007,-375.14,0,0.0,31,1,0,17.3007,17.3007,0,39.5637,19.9377,idle,-11.099,-10.7773,-10.3276,-10.0283,-10.3279,0.4,
191601,RUNNING,-11.0696,-10.7789,17.55,17.6875,-42.64,0,0.0,32,1,0,17.6875,17.6875,0,35.6086,19.9377,idle,-11.3876,-11.0886,-10.8576,-10.5724,-10.7789,0.4,
191705,RUNNING,-11.7321,-11.4038,17.6625,21.6241,120.0,0,0.0,11,1,0,21.6241,21.6241,0,35.4329,19.9377,idle,-12.0736,-11.7357,-11.5045,-11.1825,-11.4038,0.4,
191806,RUNNING,-11.0532,-11.4145,18.0,18.37,0.0,0,0.0,30,1,0,18.37,18.37,0,35.8723,19.9377,idle,-11.3876,-11.7599,-10.8303,-11.1843,-11.4145,0.4,
191907,RUNNING,-12.6985,-12.0609,18.45,18.7095,166.37,0,0.0,31,1,0,18.7095,18.7095,0,35.9602,19.9377,idle,-13.1026,-12.4447,-12.4291,-11.805,-12.0609,0.4,
192010,RUNNING,-12.5841,-12.2883,20.925,18.7423,46.37,0,0.0,51,1,0,18.7423,18.7423,0,38.509,19.9377,idle,-13.1026,-12.7946,-12.2385,-11.9508,-12.2883,0.4,
192113,RUNNING,-12.6534,-12.356,19.4625,19.8256,-36.33,0,0.0,154,1,3,19.8256,19.8256,0,37.5422,19.9377,idle,-13.1026,-12.7946,-12.3539,-12.0635,-12.356,0.4,
192217,RUNNING,-9.768,-11.0574,19.125,4.0728,-120.0,0,0.0,11,1,0,4.0728,4.0728,0,37.0149,19.9377,idle,-10.1026,-11.4361,-9.545,-10.8049,-11.0574,0.4,
192318,RUNNING,-9.8619,-10.5138,16.2,18.1626,-240.0,0,0.0,31,1,0,18.1626,18.1626,0,34.4661,19.9377,idle,-10.1026,-10.7704,-9.7015,-10.3428,-10.5138,0.4,
192419,RUNNING,-7.0443,-9.3814,13.95,16.6641,-120.0,0,0.0,31,1,0,16.6641,16.6641,0,32.0051,19.9377,idle,-7.1712,-9.5504,-6.9597,-9.2687,-9.3814,0.4,
192521,RUNNING,-7.0244,-8.1955,13.1625,15.1522,0.0,0,0.0,31,1,0,15.1522,15.1522,0,31.1262,19.9377,idle,-7.1369,-8.3267,-6.9494,-8.108,-8.1955,0.4,
192622,RUNNING,-6.9809,-7.5705,13.725,14.3334,120.0,0,0.0,33,1,0,14.3334,14.3334,0,31.3899,19.9377,idle,-7.1026,-7.7024,-6.8998,-7.4825,-7.5705,0.4,
192723,RUNNING,-4.3899,-5.8819,13.05,-3.5635,-235.87,0,0.0,13,1,0,-3.5635,-3.5635,0,31.0383,19.9377,idle,-4.459,-5.9745,-4.3438,-5.8202,-5.8819,0.4,
192825,RUNNING,-4.0581,-4.9725,10.9125,11.6906,-115.87,0,0.0,32,1,0,11.6906,11.6906,0,29.0168,19.9377,idle,-4.1026,-5.027,-4.0284,-4.9361,-4.9725,0.4,
192926,RUNNING,-4.0634,-4.5121,10.2375,11.1075,4.13,0,0.0,32,1,0,11.1075,11.1075,0,28.1379,19.9377,idle,-4.1026,-4.5556,-4.0373,-4.483,-4.5121,0.4,
193031,RUNNING,-1.127,-2.4133,9.7875,-5.156,-355.87,0,0.0,1,1,0,-5.156,-5.156,0,27.7864,19.9377,idle,-1.1369,-2.4346,-1.1204,-2.3991,-2.4133,0.4,
193131,RUNNING,-1.1295,-2.4188,8.4375,8.7221,174.23,0,0.0,103,1,1,8.7221,8.7221,0,25.9407,19.9377,idle,-1.1369,-2.4346,-1.1246,-2.4082,-2.4188,0.4,
193232,RUNNING,-1.1287,-2.417,8.8875,8.7575,0.0,0,0.0,204,1,4,8.7575,8.7575,0,26.6438,19.9377,idle,-1.1369,-2.4346,-1.1233,-2.4054,-2.417,0.4,
193332,RUNNING,-1.1287,-2.417,8.8875,8.7738,0.0,0,0.0,304,1,6,8.7738,8.7738,0,26.6438,19.9377,idle,-1.1369,-2.4346,-1.1233,-2.4054,-2.417,0.4,
193433,RUNNING,1.5299,-1.233,8.8875,-18.9,-120.0,0,0.0,1,1,0,-22.5222,-18.9,1,26.6438,19.9377,idle,1.541,-1.2419,1.5225,-1.227,-1.233,0.4,
193534,RUNNING,1.8566,-0.3093,6.1875,6.4183,-68.28,0,0.0,62,1,0,6.4183,6.4183,0,24.095,19.9377,idle,1.8631,-0.3104,1.8522,-0.3086,-0.3093,0.4,
193636,RUNNING,1.8559,-0.3092,6.525,6.4161,0.0,0,0.0,164,1,3,6.4161,6.4161,0,24.095,19.9377,idle,1.8631,-0.3104,1.851,-0.3084,-0.3092,0.4,
193736,RUNNING,1.8559,-0.3092,6.525,6.4182,0.0,0,0.0,264,1,5,6.4182,6.4182,0,24.095,19.9377,idle,1.8631,-0.3104,1.851,-0.3084,-0.3092,0.4,
193838,RUNNING,3.7583,0.9111,6.525,-18.9,-120.0,0,0.0,14,1,0,-25.8412,-18.9,1,24.095,19.9377,idle,3.773,0.9146,3.7486,0.9087,0.9111,0.4,
193938,RUNNING,3.7657,0.9128,4.6125,5.0363,85.09,0,0.0,115,1,2,5.0363,5.0363,0,22.425,19.9377,idle,3.773,0.9146,3.7608,0.9117,0.9128,0.4,
194038,RUNNING,3.7638,0.9124,5.175,5.0328,0.0,0,0.0,215,1,3,5.0328,5.0328,0,22.8645,19.9377,idle,3.773,0.9146,3.7576,0.9109,0.9124,0.4,
194139,RUNNING,2.4665,1.7199,3.7125,4.093,-225.45,0,0.0,32,1,0,4.093,4.093,0,21.7219,19.9377,idle,2.4696,1.7221,2.4644,1.7184,1.7199,0.4,
194240,RUNNING,2.5381,2.2438,0.5625,0.3149,-162.53,0,0.0,11,1,0,0.3149,0.3149,0,18.47,19.9377,idle,2.5382,2.2439,2.5381,2.2437,2.2438,0.4,
194340,RUNNING,3.0184,2.4762,-0.225,3.2326,197.47,0,0.0,70,1,1,3.2326,3.2326,0,17.1516,19.9377,idle,3.0184,2.4762,3.0184,2.4762,2.4762,0.4,
194442,RUNNING,3.0155,2.4738,3.2625,3.2386,151.66,0,0.0,172,1,3,3.2386,3.2386,0,20.5793,19.9377,idle,3.0184,2.4762,3.0135,2.4722,2.4738,0.4,
194542,RUNNING,2.0905,2.3577,3.0375,3.326,34.13,0,0.0,31,1,0,3.326,3.326,0,20.7551,19.9377,idle,2.0923,2.3597,2.0894,2.3563,2.3577,0.4,
194642,RUNNING,1.5747,2.1081,4.6125,3.6186,124.55,0,0.0,30,1,0,3.6186,3.6186,0,21.8977,19.9377,idle,1.5778,2.1122,1.5727,2.1053,2.1081,0.4,
194743,RUNNING,0.3854,1.3273,5.5125,4.474,4.55,0,0.0,31,1,0,4.474,4.474,0,22.9524,19.9377,idle,0.3865,1.331,0.3847,1.3248,1.3273,0.4,
194843,RUNNING,-0.2553,0.6549,5.2875,5.2185,0.0,0,0.0,31,1,0,5.2185,5.2185,0,22.9524,19.9377,idle,-0.256,0.6565,-0.2549,0.6538,0.6549,0.4,
194944,RUNNING,-0.2552,0.1331,5.7375,5.8024,0.0,0,0.0,31,1,0,5.8024,5.8024,0,23.2161,19.9377,idle,-0.256,0.1335,-0.2547,0.1329,0.1331,0.4,
195044,RUNNING,-0.6994,-0.2556,6.1875,6.238,0.0,0,0.0,31,1,0,6.238,6.238,0,23.6555,19.9377,idle,-0.7019,-0.2565,-0.6978,-0.255,-0.2556,0.4,
195144,RUNNING,-1.298,-0.7154,6.75,6.7555,0.0,0,0.0,31,1,0,6.7555,6.7555,0,24.1829,19.9377,idle,-1.3034,-0.7184,-1.2944,-0.7134,-0.7154,0.4,
195246,RUNNING,-1.2972,-1.0119,7.2,7.0926,0.0,0,0.0,32,1,0,7.0926,7.0926,0,24.6223,19.9377,idle,-1.3034,-1.0168,-1.2931,-1.0087,-1.0119,0.4,
195347,RUNNING,-0.4782,-0.8322,6.75,6.9101,0.0,0,0.0,22,1,0,6.9101,6.9101,0,24.5344,19.9377,idle,-0.4802,-0.8357,-0.4769,-0.8299,-0.8322,0.4,
195447,RUNNING,-0.4785,-0.6521,6.1875,6.7106,0.0,0,0.0,31,1,0,6.7106,6.7106,0,24.0071,19.9377,idle,-0.4802,-0.6544,-0.4774,-0.6506,-0.6521,0.4,
195549,RUNNING,-0.4783,-0.5633,6.6375,6.6085,0.0,0,0.0,33,1,0,6.6085,6.6085,0,24.2708,19.9377,idle,-0.4802,-0.5655,-0.477,-0.5618,-0.5633,0.4,
195649,RUNNING,-0.4786,-0.5078,6.075,6.2367,0.0,0,0.0,10,1,0,6.2367,6.2367,0,23.8313,19.9377,idle,-0.4802,-0.5095,-0.4775,-0.5066,-0.5078,0.4,
195749,RUNNING,-0.8194,-0.5947,7.0875,6.6425,120.0,0,0.0,30,1,0,6.6425,6.6425,0,24.3586,19.9377,idle,-0.8232,-0.5974,-0.8169,-0.5929,-0.5947,0.4,
195851,RUNNING,-0.8185,-0.7085,7.875,6.7798,0.0,0,0.0,32,1,0,6.7798,6.7798,0,25.3254,19.9377,idle,-0.8232,-0.7126,-0.8154,-0.7059,-0.7085,0.4,
195951,RUNNING,-0.8197,-0.9522,6.8625,7.0836,-120.0,0,0.0,32,1,0,7.0836,7.0836,0,24.7981,19.9377,idle,-0.8232,-0.9563,-0.8173,-0.9494,-0.9522,0.4,
196052,RUNNING,-0.4791,-0.6923,5.0625,4.4703,-230.67,0,0.0,11,1,0,4.4703,4.4703,0,22.9524,19.9377,idle,-0.4802,-0.6939,-0.4783,-0.6912,-0.6923,0.4,
196154,RUNNING,-0.0,-0.4852,3.4875,6.5496,129.33,0,0.0,71,1,1,6.5496,6.5496,0,21.1067,19.9377,idle,-0.0,-0.4857,-0.0,-0.4848,-0.4852,0.4,
196254,RUNNING,-0.0,-0.4838,6.6375,6.5418,157.35,0,0.0,171,1,3,6.5418,6.5418,0,23.9192,19.9377,idle,-0.0,-0.4857,-0.0,-0.4825,-0.4838,0.4,
196358,RUNNING,-0.0,-0.4839,6.4125,6.558,0.0,0,0.0,274,1,5,6.558,6.558,0,24.1829,19.9377,idle,-0.0,-0.4857,-0.0,-0.4827,-0.4839,0.4,
196458,RUNNING,1.2305,0.0303,6.1875,5.9779,0.0,0,0.0,22,1,0,5.9779,5.9779,0,24.095,19.9377,idle,1.2348,0.0304,1.2276,0.0302,0.0303,0.4,
196558,RUNNING,3.3111,1.3101,4.725,4.5091,-222.21,0,0.0,32,1,0,4.5091,4.5091,0,22.7766,19.9377,idle,3.3179,1.3128,3.3066,1.3083,1.3101,0.4,
196659,RUNNING,3.3592,2.4333,2.7,3.2413,-102.21,0,0.0,32,1,0,3.2413,3.2413,0,20.5793,19.9377,idle,3.3614,2.4349,3.3577,2.4322,2.4333,0.4,
196761,RUNNING,4.233,3.2598,2.1375,2.3028,0.0,0,0.0,33,1,0,2.3028,2.3028,0,19.8762,19.9377,idle,4.2348,3.2611,4.2319,3.2589,3.2598,0.4,
196861,RUNNING,4.3801,4.0021,1.6875,-2.6546,-120.0,0,0.0,13,1,0,-2.6546,-2.6546,0,19.3489,19.9377,idle,4.3812,4.0031,4.3793,4.0014,4.0021,0.4,
196962,RUNNING,4.6645,4.2932,0.9,1.0859,0.0,0,0.0,32,1,0,1.0859,1.0859,0,18.7336,19.9377,idle,4.6648,4.2935,4.6642,4.293,4.2932,0.4,
197062,RUNNING,4.6645,4.2932,0.9,1.0614,0.0,0,0.0,132,1,2,1.0614,1.0614,0,18.5579,19.9377,idle,4.6648,4.2935,4.6642,4.293,4.2932,0.4,
197163,RUNNING,4.6645,4.2932,0.9,1.0324,0.0,0,0.0,232,1,4,1.0324,1.0324,0,18.5579,19.9377,idle,4.6648,4.2935,4.6642,4.293,4.2932,0.4,
197263,RUNNING,4.6645,4.2932,0.9,1.0035,0.0,0,0.0,332,1,6,1.0035,1.0035,0,18.5579,19.9377,idle,4.6648,4.2935,4.6642,4.293,4.2932,0.4,
197363,RUNNING,4.6645,4.2932,0.9,1.0035,0.0,0,0.0,432,0,9,1.0035,1.0035,0,18.5579,19.9377,idle,4.6648,4.2935,4.6642,4.293,4.2932,0.4,
197463,RUNNING,4.6645,4.2932,0.9,1.0035,0.0,0,0.0,533,0,11,1.0035,1.0035,0,18.5579,19.9377,idle,4.6648,4.2935,4.6642,4.293,4.2932,0.4,
197563,RUNNING,4.6645,4.2932,0.9,1.0035,0.0,0,0.0,633,0,14,1.0035,1.0035,0,18.5579,19.9377,idle,4.6648,4.2935,4.6642,4.293,4.2932,0.4,
197663,RUNNING,4.6645,4.2932,0.9,1.0035,0.0,0,0.0,733,0,16,1.0035,1.0035,0,18.5579,19.9377,idle,4.6648,4.2935,4.6642,4.293,4.2932,0.4,
197763,RUNNING,4.6645,4.2932,0.9,1.0035,0.0,0,0.0,833,0,19,1.0035,1.0035,0,18.5579,19.9377,idle,4.6648,4.2935,4.6642,4.293,4.2932,0.4,
197863,RUNNING,4.6645,4.2932,0.9,1.0035,0.0,0,0.0,933,0,20,1.0035,1.0035,0,18.5579,19.9377,idle,4.6648,4.2935,4.6642,4.293,4.2932,0.4,
197963,RUNNING,4.1498,4.1119,1.125,0.7798,-120.0,0,0.0,12,1,0,0.7798,0.7798,0,18.7336,19.9377,idle,4.1503,4.1124,4.1495,4.1116,4.1119,0.4,
198065,RUNNING,4.3559,4.1716,0.7875,1.0918,0.0,0,0.0,31,1,0,1.0918,1.0918,0,18.5579,19.9377,idle,4.3561,4.1719,4.3557,4.1715,4.1716,0.4,
198165,RUNNING,4.6641,4.3395,1.2375,-2.6459,-203.36,0,0.0,11,1,0,-2.6459,-2.6459,0,18.9094,19.9377,idle,4.6648,4.3401,4.6637,4.3391,4.3395,0.4,
198266,RUNNING,4.6646,4.4407,0.675,0.7351,0.0,0,0.0,32,1,0,0.7351,0.7351,0,18.2942,19.9377,idle,4.6648,4.4409,4.6645,4.4406,4.4407,0.4,
198366,RUNNING,4.6648,4.5551,0.225,0.5744,0.0,0,0.0,32,1,0,0.5744,0.5744,0,18.0305,19.9377,idle,4.6648,4.5551,4.6648,4.555,4.5551,0.4,
198467,RUNNING,4.6647,4.555,0.45,0.5453,0.0,0,0.0,133,1,2,0.5453,0.5453,0,17.9426,19.9377,idle,4.6648,4.5551,4.6647,4.5549,4.555,0.4,
198567,RUNNING,4.1844,4.4438,0.675,0.6426,0.0,0,0.0,31,1,0,0.6426,0.6426,0,18.0305,19.9377,idle,4.1846,4.4439,4.1843,4.4436,4.4438,0.4,
198668,RUNNING,1.6636,3.0244,2.8125,2.2347,120.0,0,0.0,52,1,0,2.2347,2.2347,0,20.052,19.9377,idle,1.6648,3.0266,1.6628,3.0229,3.0244,0.4,
198769,RUNNING,1.6642,3.0254,2.025,2.1828,0.0,0,0.0,153,1,3,2.1828,2.1828,0,19.8762,19.9377,idle,1.6648,3.0266,1.6638,3.0247,3.0254,0.4,
198870,RUNNING,1.6642,3.0254,2.025,2.1727,0.0,0,0.0,253,1,5,2.1727,2.1727,0,19.7004,19.9377,idle,1.6648,3.0266,1.6638,3.0247,3.0254,0.4,
198970,RUNNING,1.6642,3.0254,2.025,2.1564,0.0,0,0.0,353,0,7,2.1564,2.1564,0,19.7004,19.9377,idle,1.6648,3.0266,1.6638,3.0247,3.0254,0.4,
199070,RUNNING,-1.3342,1.3303,2.8125,27.9,357.07,0,0.0,11,1,0,32.9764,27.9,1,20.052,19.9377,idle,-1.3352,1.3312,-1.3336,1.3296,1.3303,0.4,
199172,RUNNING,-1.5696,-0.2008,6.3,5.7708,237.07,0,0.0,30,1,0,5.7708,5.7708,0,23.5676,19.9377,idle,-1.5753,-0.2015,-1.5658,-0.2003,-0.2008,0.4,
199273,RUNNING,-1.5692,-0.2007,6.525,5.78,-281.9,0,0.0,132,1,2,5.78,5.78,0,24.4465,19.9377,idle,-1.5753,-0.2015,-1.5651,-0.2002,-0.2007,0.4,
199374,RUNNING,-1.5704,-0.2009,5.85,5.7756,78.1,0,0.0,233,1,4,5.7756,5.7756,0,23.2161,19.9377,idle,-1.5753,-0.2015,-1.5671,-0.2005,-0.2009,0.4,
199476,RUNNING,-1.5702,-0.2009,5.9625,5.7793,0.0,0,0.0,335,1,6,5.7793,5.7793,0,23.6555,19.9377,idle,-1.5753,-0.2015,-1.5668,-0.2004,-0.2009,0.4,
199576,RUNNING,-1.5702,-0.2009,5.9625,5.7798,0.0,0,0.0,436,0,8,5.7798,5.7798,0,23.6555,19.9377,idle,-1.5753,-0.2015,-1.5668,-0.2004,-0.2009,0.4,
199676,RUNNING,-1.5702,-0.2009,5.9625,5.7798,0.0,0,0.0,536,0,10,5.7798,5.7798,0,23.6555,19.9377,idle,-1.5753,-0.2015,-1.5668,-0.2004,-0.2009,0.4,
199776,RUNNING,-1.5702,-0.2009,5.9625,5.7798,0.0,0,0.0,636,0,13,5.7798,5.7798,0,23.6555,19.9377,idle,-1.5753,-0.2015,-1.5668,-0.2004,-0.2009,0.4,
199877,RUNNING,-1.5702,-0.2009,5.9625,5.7798,0.0,0,0.0,737,0,14,5.7798,5.7798,0,23.6555,19.9377,idle,-1.5753,-0.2015,-1.5668,-0.2004,-0.2009,0.4,
199979,RUNNING,-4.3959,-2.3066,6.75,27.9,360.0,0,0.0,13,1,0,30.7924,27.9,1,24.095,19.9377,idle,-4.4143,-2.3162,-4.3837,-2.3001,-2.3066,0.4,
200080,RUNNING,-3.9748,-3.2012,10.2375,9.0613,242.97,0,0.0,31,1,0,9.0613,9.0613,0,27.5227,19.9377,idle,-4.0131,-3.232,-3.9492,-3.1806,-3.2012,0.4,
200181,RUNNING,-3.9551,-3.6276,12.6,9.5628,122.97,0,0.0,31,1,0,9.5628,9.5628,0,30.0715,19.9377,idle,-4.0131,-3.6808,-3.9165,-3.5922,-3.6276,0.4,
200284,RUNNING,-3.4575,-3.6026,11.3625,9.8313,-404.13,0,0.0,31,1,0,9.8313,9.8313,0,29.5442,19.9377,idle,-3.4986,-3.6455,-3.43,-3.5741,-3.6026,0.4,
200385,RUNNING,-1.9824,-2.7294,6.1875,0.708,-524.13,0,0.0,10,1,0,0.708,0.708,0,24.2708,19.9377,idle,-1.9894,-2.739,-1.9778,-2.723,-2.7294,0.4,
200486,RUNNING,-1.9884,-2.3555,2.3625,8.3207,1.29,0,0.0,30,1,0,8.3207,8.3207,0,20.1399,19.9377,idle,-1.9894,-2.3567,-1.9877,-2.3547,-2.3555,0.4,
200588,RUNNING,-1.2509,-1.9449,4.5,7.8426,361.29,0,0.0,32,1,0,7.8426,7.8426,0,21.8977,19.9377,idle,-1.2532,-1.9485,-1.2493,-1.9425,-1.9449,0.4,
200689,RUNNING,-0.9547,-1.4359,8.1,7.2904,1.29,0,0.0,31,1,0,7.2904,7.2904,0,25.5891,19.9377,idle,-0.9604,-1.4446,-0.9508,-1.4302,-1.4359,0.4,
200792,RUNNING,-0.9559,-1.4377,7.2,7.3141,0.0,0,0.0,133,1,2,7.3141,7.3141,0,24.886,19.9377,idle,-0.9604,-1.4446,-0.9528,-1.4332,-1.4377,0.4,
200892,RUNNING,-0.9559,-1.4377,7.2,7.3238,0.0,0,0.0,233,1,4,7.3238,7.3238,0,24.886,19.9377,idle,-0.9604,-1.4446,-0.9528,-1.4332,-1.4377,0.4,
200992,RUNNING,-0.9559,-1.4377,7.2,7.3315,0.0,0,0.0,333,0,7,7.3315,7.3315,0,24.886,19.9377,idle,-0.9604,-1.4446,-0.9528,-1.4332,-1.4377,0.4,
201093,RUNNING,-0.9559,-1.4377,7.2,7.3315,0.0,0,0.0,435,0,9,7.3315,7.3315,0,24.886,19.9377,idle,-0.9604,-1.4446,-0.9528,-1.4332,-1.4377,0.4,
201193,RUNNING,-0.9559,-1.4377,7.2,7.3315,0.0,0,0.0,535,0,12,7.3315,7.3315,0,24.886,19.9377,idle,-0.9604,-1.4446,-0.9528,-1.4332,-1.4377,0.4,
201293,RUNNING,-0.9559,-1.4377,7.2,7.3315,0.0,0,0.0,635,0,14,7.3315,7.3315,0,24.886,19.9377,idle,-0.9604,-1.4446,-0.9528,-1.4332,-1.4377,0.4,
201393,RUNNING,-0.9559,-1.4377,7.2,7.3315,0.0,0,0.0,736,0,17,7.3315,7.3315,0,24.886,19.9377,idle,-0.9604,-1.4446,-0.9528,-1.4332,-1.4377,0.4,
201493,RUNNING,-0.9559,-1.4377,7.2,7.3315,0.0,0,0.0,836,0,19,7.3315,7.3315,0,24.886,19.9377,idle,-0.9604,-1.4446,-0.9528,-1.4332,-1.4377,0.4,
201593,RUNNING,-0.9559,-1.4377,7.2,7.3315,0.0,0,0.0,936,0,20,7.3315,7.3315,0,24.886,19.9377,idle,-0.9604,-1.4446,-0.9528,-1.4332,-1.4377,0.4,
201694,RUNNING,2.0335,0.3314,5.7375,5.3352,-240.0,0,0.0,32,1,0,5.3352,5.3352,0,23.7434,19.9377,idle,2.0396,0.3324,2.0294,0.3307,0.3314,0.4,
201795,RUNNING,3.5357,1.6512,3.4875,3.8367,-120.0,0,0.0,32,1,0,3.8367,3.8367,0,21.3704,19.9377,idle,3.5396,1.653,3.533,1.65,1.6512,0.4,
201895,RUNNING,5.0379,3.3791,1.9125,1.8669,-157.47,0,0.0,31,1,0,1.8669,1.8669,0,19.8762,19.9377,idle,5.0396,3.3802,5.0368,3.3783,3.3791,0.4,
201996,RUNNING,5.0375,3.3788,2.1375,1.8753,-37.47,0,0.0,132,1,2,1.8753,1.8753,0,19.6125,19.9377,idle,5.0396,3.3802,5.0361,3.3778,3.3788,0.4,
202097,RUNNING,5.0377,3.3789,2.025,1.8452,0.0,0,0.0,233,1,4,1.8452,1.8452,0,19.6125,19.9377,idle,5.0396,3.3802,5.0364,3.3781,3.3789,0.4,
202198,RUNNING,5.0377,3.3789,2.025,1.8224,0.0,0,0.0,333,1,6,1.8224,1.8224,0,19.6125,19.9377,idle,5.0396,3.3802,5.0364,3.3781,3.3789,0.4,
202298,RUNNING,6.0136,4.6761,0.5625,0.3262,-240.0,0,0.0,32,1,0,0.3262,0.3262,0,18.5579,19.9377,idle,6.0138,4.6762,6.0135,4.676,4.6761,0.4,
202398,RUNNING,5.4857,5.0483,-2.1375,-4.8473,-194.92,0,0.0,12,1,0,-4.8473,-4.8473,0,15.6575,19.9377,idle,5.488,5.0504,5.4842,5.0469,5.0483,0.4,
202502,RUNNING,4.5952,4.9113,-1.575,-0.0211,405.08,0,0.0,31,1,0,-0.0211,-0.0211,0,15.6575,19.9377,idle,4.5962,4.9124,4.5945,4.9105,4.9113,0.4,
202603,RUNNING,4.1478,4.5026,2.5875,4.3088,285.08,0,0.0,11,1,0,4.3088,4.3088,0,19.8762,19.9377,idle,4.1503,4.5053,4.1461,4.5007,4.5026,0.4,
202703,RUNNING,3.6968,4.2564,4.725,0.695,-74.92,0,0.0,70,1,1,0.695,0.695,0,22.3372,19.9377,idle,3.7044,4.2651,3.6918,4.2506,4.2564,0.4,
202804,RUNNING,3.7036,4.2641,1.575,0.6113,-327.8,0,0.0,171,1,3,0.6113,0.6113,0,19.6125,19.9377,idle,3.7044,4.2651,3.703,4.2634,4.2641,0.4,
202905,RUNNING,2.736,3.6597,0.45,1.3021,272.2,0,0.0,31,1,0,1.3021,1.3021,0,17.7668,19.9377,idle,2.736,3.6598,2.736,3.6597,3.6597,0.4,
203005,RUNNING,0.9265,2.4045,3.15,2.7141,175.99,0,0.0,31,1,0,2.7141,2.7141,0,20.4036,19.9377,idle,0.9273,2.4067,0.9259,2.4031,2.4045,0.4,
203107,RUNNING,-0.4052,0.8264,5.7375,17.8343,295.99,0,0.0,11,1,0,17.8343,17.8343,0,23.2161,19.9377,idle,-0.4064,0.8289,-0.4043,0.8247,0.8264,0.4,
203208,RUNNING,-1.2947,-0.1781,8.55,5.5827,175.99,0,0.0,31,1,0,5.5827,5.5827,0,25.9407,19.9377,idle,-1.3034,-0.1793,-1.2889,-0.1774,-0.1781,0.4,
203313,RUNNING,-1.8349,-1.188,10.125,13.7316,295.99,0,0.0,1,1,0,13.7316,13.7316,0,27.6106,19.9377,idle,-1.8522,-1.1992,-1.8234,-1.1805,-1.188,0.4,
203414,RUNNING,-2.5078,-1.5817,11.475,7.1705,-64.01,0,0.0,23,1,0,7.1705,7.1705,0,29.1047,19.9377,idle,-2.5382,-1.6009,-2.4875,-1.5689,-1.5817,0.4,
203515,RUNNING,-3.0242,-2.2267,10.125,7.9426,-184.01,0,0.0,30,1,0,7.9426,7.9426,0,27.9622,19.9377,idle,-3.0527,-2.2477,-3.0052,-2.2127,-2.2267,0.4,
203617,RUNNING,-3.5487,-2.6298,7.5375,8.4094,14.79,0,0.0,31,1,0,8.4094,8.4094,0,25.4133,19.9377,idle,-3.5672,-2.6435,-3.5364,-2.6207,-2.6298,0.4,
203718,RUNNING,-4.4716,-3.4403,9.5625,9.2217,184.6,0,0.0,31,1,0,9.2217,9.2217,0,26.9075,19.9377,idle,-4.5092,-3.4692,-4.4465,-3.421,-3.4403,0.4,
203820,RUNNING,-4.6121,-4.0329,11.1375,9.9442,64.6,0,0.0,30,1,0,9.9442,9.9442,0,28.5774,19.9377,idle,-4.6648,-4.079,-4.5769,-4.0022,-4.0329,0.4,
203921,RUNNING,-5.4561,-4.6648,11.475,10.6987,-55.4,0,0.0,31,1,0,10.6987,10.6987,0,29.0168,19.9377,idle,-5.5223,-4.7214,-5.4119,-4.6271,-4.6648,0.4,
204022,RUNNING,-5.9425,-5.0504,11.1375,11.2216,0.0,0,0.0,72,1,1,11.2216,11.2216,0,28.7532,19.9377,idle,-6.0105,-5.1081,-5.8973,-5.0119,-5.0504,0.4,
204124,RUNNING,-5.9425,-5.0504,11.1375,11.2557,0.0,0,0.0,173,1,3,11.2557,11.2557,0,28.7532,19.9377,idle,-6.0105,-5.1081,-5.8973,-5.0119,-5.0504,0.4,
204224,RUNNING,-5.9425,-5.0504,11.1375,11.2898,0.0,0,0.0,274,1,5,11.2898,11.2898,0,28.7532,19.9377,idle,-6.0105,-5.1081,-5.8973,-5.0119,-5.0504,0.4,
204324,RUNNING,-5.9425,-5.0504,11.1375,11.3034,0.0,0,0.0,374,0,8,11.3034,11.3034,0,28.7532,19.9377,idle,-6.0105,-5.1081,-5.8973,-5.0119,-5.0504,0.4,
204425,RUNNING,-6.22,-6.0044,12.6,12.1693,240.0,0,0.0,31,1,0,12.1693,12.1693,0,30.0715,19.9377,idle,-6.3112,-6.0924,-6.1592,-5.9457,-6.0044,0.4,
204526,RUNNING,-4.131,-5.23,12.825,11.7468,-339.14,0,0.0,32,1,0,11.7468,11.7468,0,30.8625,19.9377,idle,-4.1938,-5.3095,-4.0892,-5.177,-5.23,0.4,
204627,RUNNING,-3.2891,-4.4118,8.55,-1.3395,-459.14,0,0.0,11,1,0,-1.3395,-1.3395,0,26.6438,19.9377,idle,-3.3112,-4.4414,-3.2744,-4.3921,-4.4118,0.4,
204729,RUNNING,-3.3024,-3.9821,5.4,10.2714,-99.14,0,0.0,31,1,0,10.2714,10.2714,0,23.3918,19.9377,idle,-3.3112,-3.9927,-3.2965,-3.975,-3.9821,0.4,
204830,RUNNING,-2.072,-3.1383,4.8375,9.307,20.86,0,0.0,32,1,0,9.307,9.307,0,22.6887,19.9377,idle,-2.0764,-3.1451,-2.069,-3.1339,-3.1383,0.4,
204934,RUNNING,-0.917,-1.9054,5.4,-2.7935,-99.14,0,0.0,1,1,0,-2.7935,-2.7935,0,23.0403,19.9377,idle,-0.9194,-1.9105,-0.9153,-1.902,-1.9054,0.4,
205035,RUNNING,0.3055,-0.9074,5.175,6.8182,20.86,0,0.0,23,1,0,6.8182,6.8182,0,22.9524,19.9377,idle,0.3062,-0.9096,0.305,-0.9059,-0.9074,0.4,
205135,RUNNING,0.9206,-0.0389,5.9625,5.8411,0.0,0,0.0,32,1,0,5.8411,5.8411,0,23.5676,19.9377,idle,0.9236,-0.039,0.9186,-0.0388,-0.0389,0.4,
205236,RUNNING,1.2998,0.5643,5.5125,5.1571,-194.7,0,0.0,32,1,0,5.1571,5.1571,0,23.3918,19.9377,idle,1.3034,0.5659,1.2974,0.5633,0.5643,0.4,
205337,RUNNING,1.8038,0.9367,3.825,4.737,165.3,0,0.0,80,1,2,4.737,4.737,0,21.3704,19.9377,idle,1.8062,0.938,1.8022,0.9359,0.9367,0.4,
205437,RUNNING,3.6097,1.7381,4.8375,3.814,-231.81,0,0.0,70,1,1,3.814,3.814,0,22.6887,19.9377,idle,3.6174,1.7418,3.6045,1.7356,1.7381,0.4,
205538,RUNNING,3.6128,1.7396,3.7125,3.816,0.0,0,0.0,171,1,3,3.816,3.816,0,21.1067,19.9377,idle,3.6174,1.7418,3.6098,1.7381,1.7396,0.4,
205638,RUNNING,4.5529,3.0825,2.1375,2.2531,-230.02,0,0.0,32,1,0,2.2531,2.2531,0,20.1399,19.9377,idle,4.5548,3.0838,4.5516,3.0816,3.0825,0.4,
205739,RUNNING,6.8654,4.7701,0.1125,0.3584,-110.02,0,0.0,31,1,0,0.3584,0.3584,0,17.9426,19.9377,idle,6.8654,4.7702,6.8654,4.7701,4.7701,0.4,
205839,RUNNING,7.5537,6.1431,-1.2375,-1.198,-176.48,0,0.0,32,1,0,-1.198,-1.198,0,16.6243,19.9377,idle,7.5548,6.144,7.553,6.1426,6.1431,0.4,
205940,RUNNING,7.8147,6.9732,-2.8125,-2.1634,-56.48,0,0.0,32,1,0,-2.1634,-2.1634,0,14.9543,19.9377,idle,7.8204,6.9783,7.811,6.9699,6.9732,0.4,
206043,RUNNING,7.8846,7.2474,-2.475,-2.5791,44.07,0,0.0,73,1,1,-2.5791,-2.5791,0,14.7786,19.9377,idle,7.889,7.2515,7.8816,7.2447,7.2474,0.4,
206143,RUNNING,7.8842,7.2471,-2.5875,-2.579,0.0,0,0.0,174,1,3,-2.579,-2.579,0,15.1301,19.9377,idle,7.889,7.2515,7.881,7.2441,7.2471,0.4,
206243,RUNNING,7.8842,7.2471,-2.5875,-2.6466,0.0,0,0.0,274,1,6,-2.6466,-2.6466,0,14.9543,19.9377,idle,7.889,7.2515,7.881,7.2441,7.2471,0.4,
206343,RUNNING,7.8842,7.2471,-2.5875,-2.6662,0.0,0,0.0,374,0,8,-2.6662,-2.6662,0,15.0422,19.9377,idle,7.889,7.2515,7.881,7.2441,7.2471,0.4,
206443,RUNNING,4.75,6.0767,-2.025,12.9569,360.0,0,0.0,11,1,0,12.9569,12.9569,0,15.218,19.9377,idle,4.7518,6.079,4.7488,6.0752,6.0767,0.4,
206544,RUNNING,2.1948,4.3659,1.4625,0.5118,240.0,0,0.0,30,1,0,0.5118,0.5118,0,18.7336,19.9377,idle,2.1952,4.3667,2.1945,4.3653,4.3659,0.4,
206646,RUNNING,1.7496,3.0758,3.7125,1.9444,120.0,0,0.0,31,1,0,1.9444,1.9444,0,20.9309,19.9377,idle,1.7518,3.0797,1.7481,3.0732,3.0758,0.4,
206747,RUNNING,0.6162,1.9392,4.6125,3.1936,0.0,0,0.0,33,1,0,3.1936,3.1936,0,22.0735,19.9377,idle,0.6174,1.943,0.6154,1.9367,1.9392,0.4,
206848,RUNNING,0.6159,1.0695,5.175,9.0745,120.0,0,0.0,11,1,0,9.0745,9.0745,0,22.7766,19.9377,idle,0.6174,1.0721,0.6149,1.0677,1.0695,0.4,
206948,RUNNING,0.4786,0.7964,5.9625,4.4599,0.0,0,0.0,31,1,0,4.4599,4.4599,0,23.3918,19.9377,idle,0.4802,0.799,0.4776,0.7947,0.7964,0.4,
207048,RUNNING,0.4105,0.5998,5.5125,4.6717,-120.0,0,0.0,32,1,0,4.6717,4.6717,0,23.2161,19.9377,idle,0.4116,0.6014,0.4097,0.5987,0.5998,0.4,
207150,RUNNING,-0.5477,0.1298,4.6125,5.1988,240.0,0,0.0,32,1,0,5.1988,5.1988,0,22.1614,19.9377,idle,-0.5488,0.1301,-0.547,0.1296,0.1298,0.4,
207251,RUNNING,-0.5475,0.1297,5.175,5.197,0.0,0,0.0,134,1,2,5.197,5.197,0,22.9524,19.9377,idle,-0.5488,0.1301,-0.5466,0.1295,0.1297,0.4,
207351,RUNNING,-0.5475,0.1297,5.175,5.1965,0.0,0,0.0,234,1,5,5.1965,5.1965,0,22.8645,19.9377,idle,-0.5488,0.1301,-0.5466,0.1295,0.1297,0.4,
207451,RUNNING,-0.5475,0.1297,5.175,5.196,0.0,0,0.0,334,0,7,5.196,5.196,0,22.8645,19.9377,idle,-0.5488,0.1301,-0.5466,0.1295,0.1297,0.4,
207551,RUNNING,-0.5475,0.1297,5.175,5.196,0.0,0,0.0,434,0,10,5.196,5.196,0,22.8645,19.9377,idle,-0.5488,0.1301,-0.5466,0.1295,0.1297,0.4,
207651,RUNNING,-0.5475,0.1297,5.175,5.196,0.0,0,0.0,534,0,12,5.196,5.196,0,22.8645,19.9377,idle,-0.5488,0.1301,-0.5466,0.1295,0.1297,0.4,
207751,RUNNING,-3.5401,-0.9712,5.175,27.9,120.0,0,0.0,14,1,0,34.3026,27.9,1,22.8645,19.9377,idle,-3.5488,-0.9736,-3.5343,-0.9696,-0.9712,0.4,
207851,RUNNING,-3.5276,-2.2733,8.1,7.8475,259.78,0,0.0,31,1,0,7.8475,7.8475,0,25.3254,19.9377,idle,-3.5488,-2.287,-3.5134,-2.2641,-2.2733,0.4,
207952,RUNNING,-6.4821,-4.1033,10.575,9.8726,139.78,0,0.0,30,1,0,9.8726,9.8726,0,27.9622,19.9377,idle,-6.5488,-4.1455,-6.4376,-4.0751,-4.1033,0.4,
208054,RUNNING,-6.4672,-5.3042,11.7,11.2644,19.78,0,0.0,31,1,0,11.2644,11.2644,0,29.1047,19.9377,idle,-6.5488,-5.3712,-6.4127,-5.2596,-5.3042,0.4,
208155,RUNNING,-6.4592,-5.89,12.2625,11.9092,139.78,0,0.0,31,1,0,11.9092,11.9092,0,29.8079,19.9377,idle,-6.5488,-5.9718,-6.3994,-5.8355,-5.89,0.4,
208257,RUNNING,-9.3688,-7.6953,14.4,27.9,259.78,0,0.0,11,1,0,32.1136,27.9,1,31.9172,19.9377,idle,-9.5488,-7.8431,-9.2488,-7.5967,-7.6953,0.4,
208358,RUNNING,-9.3021,-8.4879,16.875,14.6915,139.78,0,0.0,30,1,0,14.6915,14.6915,0,34.2903,19.9377,idle,-9.5488,-8.713,-9.1376,-8.3378,-8.4879,0.4,
208459,RUNNING,-9.2719,-8.8742,17.8875,15.3896,19.78,0,0.0,31,1,0,15.3896,15.3896,0,35.4329,19.9377,idle,-9.5488,-9.1393,-9.0872,-8.6975,-8.8742,0.4,
208562,RUNNING,-9.2787,-9.0837,17.6625,15.7682,-100.22,0,0.0,32,1,0,15.7682,15.7682,0,35.4329,19.9377,idle,-9.5488,-9.3481,-9.0987,-8.9075,-9.0837,0.4,
208663,RUNNING,-10.4035,-9.7479,16.9875,23.9458,19.78,0,0.0,10,1,0,23.9458,23.9458,0,35.0813,19.9377,idle,-10.6832,-10.01,-10.2171,-9.5732,-9.7479,0.4,
208764,RUNNING,-10.6849,-10.2241,17.1,17.0839,0.0,0,0.0,29,1,0,17.0839,17.0839,0,34.7297,19.9377,idle,-10.976,-10.5027,-10.4908,-10.0384,-10.2241,0.4,
208866,RUNNING,-10.6849,-10.3048,17.1,17.2424,0.0,0,0.0,31,1,0,17.2424,17.2424,0,34.7297,19.9377,idle,-10.976,-10.5856,-10.4908,-10.1176,-10.3048,0.4,
208967,RUNNING,-10.7621,-10.5118,18.675,17.2194,120.0,0,0.0,31,1,0,17.2194,17.2194,0,36.136,19.9377,idle,-11.1132,-10.8547,-10.5281,-10.2832,-10.5118,0.4,
209072,RUNNING,-11.4563,-10.977,19.575,18.1005,0.0,0,0.0,33,1,0,18.1005,18.1005,0,37.2786,19.9377,idle,-11.8678,-11.3714,-11.1819,-10.7142,-10.977,0.4,
209173,RUNNING,-11.4081,-11.4106,20.7,18.891,-120.0,0,0.0,22,1,0,18.891,18.891,0,38.4211,19.9377,idle,-11.8678,-11.8704,-11.1017,-11.1041,-11.4106,0.4,
209274,RUNNING,-11.4748,-11.476,19.125,19.0419,0.0,0,0.0,31,1,0,19.0419,19.0419,0,37.0149,19.9377,idle,-11.8678,-11.8691,-11.2128,-11.214,-11.476,0.4,
209376,RUNNING,-11.4175,-11.4646,18.9,19.3366,0.0,0,0.0,32,1,0,19.3366,19.3366,0,37.0149,19.9377,idle,-11.7992,-11.8478,-11.1631,-11.2091,-11.4646,0.4,
209478,RUNNING,-9.3701,-10.8131,19.125,2.5662,0.0,0,0.0,12,1,0,2.5662,2.5662,0,36.8391,19.9377,idle,-9.691,-11.1834,-9.1561,-10.5662,-10.8131,0.4,
209579,RUNNING,-8.617,-9.8875,17.6625,17.9454,-120.0,0,0.0,30,1,0,17.9454,17.9454,0,35.6965,19.9377,idle,-8.8678,-10.1753,-8.4498,-9.6957,-9.8875,0.4,
209680,RUNNING,-8.5719,-9.2428,16.875,16.982,0.0,0,0.0,32,1,0,16.982,16.982,0,34.9055,19.9377,idle,-8.7992,-9.4879,-8.4203,-9.0794,-9.2428,0.4,
209780,RUNNING,-6.5272,-8.296,16.425,15.9552,-223.87,0,0.0,31,1,0,15.9552,15.9552,0,34.3782,19.9377,idle,-6.691,-8.5042,-6.4179,-8.1572,-8.296,0.4,
209883,RUNNING,-5.743,-7.092,15.3,-0.1249,-120.0,0,0.0,12,1,0,-0.1249,-0.1249,0,33.1477,19.9377,idle,-5.8678,-7.2461,-5.6598,-6.9893,-7.092,0.4,
209983,RUNNING,-5.7154,-6.4212,12.6,14.1052,-216.18,0,0.0,30,1,0,14.1052,14.1052,0,30.7747,19.9377,idle,-5.7992,-6.5154,-5.6595,-6.3585,-6.4212,0.4,
210084,RUNNING,-3.4489,-5.1801,10.6875,12.56,-96.18,0,0.0,31,1,0,12.56,12.56,0,28.6653,19.9377,idle,-3.4852,-5.2346,-3.4247,-5.1438,-5.1801,0.4,
210186,RUNNING,-3.0416,-4.5385,10.6875,11.6766,263.82,0,0.0,72,1,1,11.6766,11.6766,0,28.1379,19.9377,idle,-3.0736,-4.5863,-3.0203,-4.5067,-4.5385,0.4,
210287,RUNNING,-3.0338,-4.5269,11.925,11.769,0.0,0,0.0,173,1,3,11.769,11.769,0,29.6321,19.9377,idle,-3.0736,-4.5863,-3.0073,-4.4873,-4.5269,0.4,
210387,RUNNING,-2.2495,-3.4852,10.4625,10.7618,-219.58,0,0.0,31,1,0,10.7618,10.7618,0,28.4895,19.9377,idle,-2.2722,-3.5204,-2.2344,-3.4618,-3.4852,0.4,
210489,RUNNING,-0.2776,-2.0297,8.4375,9.0404,-99.58,0,0.0,32,1,0,9.0404,9.0404,0,26.468,19.9377,idle,-0.2794,-2.043,-0.2764,-2.0209,-2.0297,0.4,
210590,RUNNING,0.4532,-0.848,7.875,7.6865,0.0,0,0.0,32,1,0,7.6865,7.6865,0,25.677,19.9377,idle,0.4557,-0.8528,0.4515,-0.8447,-0.848,0.4,
210692,RUNNING,2.2947,0.5454,6.1875,6.1026,-240.0,0,0.0,32,1,0,6.1026,6.1026,0,24.2708,19.9377,idle,2.3027,0.5473,2.2893,0.5441,0.5454,0.4,
210792,RUNNING,2.295,0.5454,6.075,6.1202,120.0,0,0.0,133,1,2,6.1202,6.1202,0,23.4797,19.9377,idle,2.3027,0.5473,2.2898,0.5442,0.5454,0.4,
210892,RUNNING,3.0455,1.2955,5.85,5.2543,-240.0,0,0.0,32,1,0,5.2543,5.2543,0,23.7434,19.9377,idle,3.055,1.2996,3.0391,1.2928,1.2955,0.4,
210994,RUNNING,3.5738,1.9803,4.3875,4.4665,-43.66,0,0.0,52,1,0,4.4665,4.4665,0,22.3372,19.9377,idle,3.5801,1.9837,3.5696,1.9779,1.9803,0.4,
211094,RUNNING,3.5741,1.9804,4.275,4.467,0.0,0,0.0,152,1,3,4.467,4.467,0,21.8977,19.9377,idle,3.5801,1.9837,3.5701,1.9782,1.9804,0.4,
211194,RUNNING,4.2468,2.6606,4.05,3.6751,-199.97,0,0.0,33,1,0,3.6751,3.6751,0,21.8977,19.9377,idle,4.2532,2.6646,4.2426,2.6579,2.6606,0.4,
211296,RUNNING,4.2532,3.6679,0.225,2.5198,-319.97,0,0.0,22,1,0,2.5198,2.5198,0,18.2942,19.9377,idle,4.2532,3.668,4.2532,3.6679,3.6679,0.4,
211398,RUNNING,4.2508,3.9642,-2.475,2.1805,40.03,0,0.0,33,1,0,2.1805,2.1805,0,15.218,19.9377,idle,4.2532,3.9664,4.2492,3.9627,3.9642,0.4,
211499,RUNNING,3.7729,3.8392,0.5625,3.005,510.42,0,0.0,11,1,0,3.005,3.005,0,17.5911,19.9377,idle,3.773,3.8393,3.7728,3.8392,3.8392,0.4,
211599,RUNNING,3.768,3.8004,3.825,2.3106,-89.58,0,0.0,30,1,0,2.3106,2.3106,0,21.2825,19.9377,idle,3.773,3.8055,3.7646,3.797,3.8004,0.4,
211699,RUNNING,2.0561,2.9116,3.15,3.2904,0.0,0,0.0,32,1,0,3.2904,3.2904,0,20.6672,19.9377,idle,2.058,2.9143,2.0549,2.9099,2.9116,0.4,
211801,RUNNING,1.9873,2.6341,3.375,3.5753,0.0,0,0.0,73,1,1,3.5753,3.5753,0,20.9309,19.9377,idle,1.9894,2.6368,1.9859,2.6322,2.6341,0.4,
211901,RUNNING,1.987,2.4397,3.6,3.7775,0.0,0,0.0,93,1,1,3.7775,3.7775,0,21.1067,19.9377,idle,1.9894,2.4426,1.9855,2.4378,2.4397,0.4,
212001,RUNNING,1.987,2.4397,3.6,3.761,0.0,0,0.0,193,1,4,3.761,3.761,0,21.1067,19.9377,idle,1.9894,2.4426,1.9855,2.4378,2.4397,0.4,
212102,RUNNING,0.3171,1.3614,5.4,16.3107,314.42,0,0.0,13,1,0,16.3107,16.3107,0,22.8645,19.9377,idle,0.3179,1.365,0.3165,1.359,1.3614,0.4,
212203,RUNNING,-1.1836,0.111,8.4375,6.3674,194.42,0,0.0,31,1,0,6.3674,6.3674,0,25.677,19.9377,idle,-1.1913,0.1117,-1.1784,0.1105,0.111,0.4,
212304,RUNNING,-1.699,-0.7409,10.125,7.3103,74.42,0,0.0,30,1,0,7.3103,7.3103,0,27.5227,19.9377,idle,-1.715,-0.7479,-1.6883,-0.7362,-0.7409,0.4,
212406,RUNNING,-1.737,-1.0399,9.9,7.6851,-285.58,0,0.0,73,1,1,7.6851,7.6851,0,27.7864,19.9377,idle,-1.7527,-1.0493,-1.7266,-1.0337,-1.0399,0.4,
212507,RUNNING,-1.7444,-1.0443,7.2,7.6846,77.03,0,0.0,174,1,3,7.6846,7.6846,0,24.886,19.9377,idle,-1.7527,-1.0493,-1.7388,-1.041,-1.0443,0.4,
212609,RUNNING,-3.0147,-1.8225,9.3375,8.5229,162.9,0,0.0,30,1,0,8.5229,8.5229,0,26.7317,19.9377,idle,-3.0389,-1.8371,-2.9986,-1.8128,-1.8225,0.4,
212710,RUNNING,-4.2429,-3.0162,10.6875,9.8765,42.9,0,0.0,31,1,0,9.8765,9.8765,0,28.1379,19.9377,idle,-4.2875,-3.0479,-4.2131,-2.995,-3.0162,0.4,
212811,RUNNING,-4.6071,-3.7867,10.6875,10.7956,0.0,0,0.0,30,1,0,10.7956,10.7956,0,28.3137,19.9377,idle,-4.6556,-3.8265,-4.5748,-3.7602,-3.7867,0.4,
212913,RUNNING,-4.6216,-4.2232,11.1375,11.2864,0.0,0,0.0,32,1,0,11.2864,11.2864,0,28.5774,19.9377,idle,-4.6744,-4.2714,-4.5864,-4.191,-4.2232,0.4,
213013,RUNNING,-4.4045,-4.3422,11.5875,11.4982,0.0,0,0.0,50,1,0,11.4982,11.4982,0,29.2805,19.9377,idle,-4.459,-4.3959,-4.3681,-4.3063,-4.3422,0.4,
213113,RUNNING,-4.4045,-4.3422,11.5875,11.5275,0.0,0,0.0,150,1,3,11.5275,11.5275,0,29.2805,19.9377,idle,-4.459,-4.3959,-4.3681,-4.3063,-4.3422,0.4,
213214,RUNNING,-3.3219,-4.0375,11.3625,11.2618,0.0,0,0.0,32,1,0,11.2618,11.2618,0,29.2805,19.9377,idle,-3.3614,-4.0856,-3.2955,-4.0055,-4.0375,0.4,
213315,RUNNING,-1.7662,-3.2112,10.35,10.3963,-120.0,0,0.0,52,1,1,10.3963,10.3963,0,28.3137,19.9377,idle,-1.7836,-3.2429,-1.7546,-3.1901,-3.2112,0.4,
213416,RUNNING,-1.0636,-2.2549,9.5625,9.2719,-176.07,0,0.0,30,1,0,9.2719,9.2719,0,27.4348,19.9377,idle,-1.0725,-2.2739,-1.0576,-2.2423,-2.2549,0.4,
213518,RUNNING,-0.7501,-1.5564,8.1,8.4958,-56.07,0,0.0,31,1,0,8.4958,8.4958,0,26.1165,19.9377,idle,-0.7546,-1.5658,-0.7471,-1.5502,-1.5564,0.4,
213619,RUNNING,-0.7503,-1.253,7.875,8.149,63.93,0,0.0,32,1,0,8.149,8.149,0,25.677,19.9377,idle,-0.7546,-1.2601,-0.7475,-1.2482,-1.253,0.4,
213723,RUNNING,0.4776,-0.4131,7.65,-2.4517,-240.0,0,0.0,1,1,0,-2.4517,-2.4517,0,25.5891,19.9377,idle,0.4802,-0.4153,0.4759,-0.4116,-0.4131,0.4,
213824,RUNNING,1.2132,0.3961,5.4,6.2882,-120.0,0,0.0,23,1,0,6.2882,6.2882,0,23.4797,19.9377,idle,1.2164,0.3972,1.211,0.3954,0.3961,0.4,
213925,RUNNING,1.7118,1.0098,4.5,5.5936,0.0,0,0.0,32,1,0,5.5936,5.5936,0,22.425,19.9377,idle,1.715,1.0116,1.7097,1.0085,1.0098,0.4,
214026,RUNNING,2.4363,1.5991,5.0625,4.9306,0.0,0,0.0,32,1,0,4.9306,4.9306,0,22.6008,19.9377,idle,2.442,1.6029,2.4325,1.5966,1.5991,0.4,
214126,RUNNING,2.7806,1.9544,4.1625,4.5053,53.23,0,0.0,73,1,1,4.5053,4.5053,0,21.8977,19.9377,idle,2.785,1.9575,2.7777,1.9523,1.9544,0.4,
214226,RUNNING,2.7793,1.9535,4.725,4.5019,0.0,0,0.0,173,1,3,4.5019,4.5019,0,22.2493,19.9377,idle,2.785,1.9575,2.7755,1.9508,1.9535,0.4,
214326,RUNNING,2.7798,1.9539,4.5,4.4882,0.0,0,0.0,273,1,6,4.4882,4.4882,0,22.0735,19.9377,idle,2.785,1.9575,2.7764,1.9515,1.9539,0.4,
214427,RUNNING,5.4319,2.9973,4.5,-18.9,-120.0,0,0.0,1,1,0,-23.1024,-18.9,1,22.0735,19.9377,idle,5.442,3.0028,5.4252,2.9936,2.9973,0.4,
214528,RUNNING,6.9956,4.7843,1.575,1.2436,-256.85,0,0.0,21,1,0,1.2436,1.2436,0,19.4368,19.9377,idle,6.9972,4.7854,6.9946,4.7836,4.7843,0.4,
214629,RUNNING,6.9967,5.8266,-0.9,0.0782,-136.85,0,0.0,32,1,0,0.0782,0.0782,0,16.8879,19.9377,idle,6.9972,5.827,6.9963,5.8263,5.8266,0.4,
214730,RUNNING,7.9509,7.1822,-3.0375,-9.8106,-256.85,0,0.0,12,1,0,-9.8106,-9.8106,0,14.6028,19.9377,idle,7.9576,7.1882,7.9464,7.1781,7.1822,0.4,
214833,RUNNING,7.9398,7.4024,-4.95,-1.7805,103.15,0,0.0,72,1,1,-1.7805,-1.7805,0,12.4934,19.9377,idle,7.9576,7.419,7.9279,7.3914,7.4024,0.4,
214934,RUNNING,7.8758,7.6459,-4.275,-2.1596,240.0,0,0.0,51,1,1,-2.1596,-2.1596,0,12.845,19.9377,idle,7.889,7.6587,7.867,7.6374,7.6459,0.4,
215035,RUNNING,7.8175,7.7383,-2.025,-2.2805,-120.0,0,0.0,32,1,0,-2.2805,-2.2805,0,15.3938,19.9377,idle,7.8204,7.7412,7.8155,7.7363,7.7383,0.4,
215136,RUNNING,6.2419,6.9905,-1.125,-1.5139,176.62,0,0.0,32,1,0,-1.5139,-1.5139,0,16.009,19.9377,idle,6.2426,6.9913,6.2414,6.99,6.9905,0.4,
215238,RUNNING,5.8309,6.4138,0.45,-0.8815,56.62,0,0.0,33,1,0,-0.8815,-0.8815,0,17.5911,19.9377,idle,5.831,6.414,5.8308,6.4138,6.4138,0.4,
215340,RUNNING,5.2465,5.7249,1.6875,5.0447,176.62,0,0.0,11,1,0,5.0447,5.0447,0,19.0852,19.9377,idle,5.2479,5.7264,5.2456,5.7239,5.7249,0.4,
215440,RUNNING,4.5235,5.1679,3.15,0.4647,56.62,0,0.0,31,1,0,0.4647,0.4647,0,20.3157,19.9377,idle,4.5276,5.1726,4.5208,5.1648,5.1679,0.4,
215540,RUNNING,3.0153,4.1417,3.375,1.5717,-63.38,0,0.0,32,1,0,1.5717,1.5717,0,20.7551,19.9377,idle,3.0184,4.146,3.0132,4.1388,4.1417,0.4,
215643,RUNNING,2.4686,3.2935,2.1375,2.4866,56.62,0,0.0,33,1,0,2.4866,2.4866,0,19.7883,19.9377,idle,2.4696,3.2949,2.4679,3.2926,3.2935,0.4,
215744,RUNNING,1.712,2.473,4.3875,3.4303,176.62,0,0.0,22,1,0,3.4303,3.4303,0,21.4583,19.9377,idle,1.715,2.4774,1.71,2.4701,2.473,0.4,
215844,RUNNING,0.6839,1.76,5.85,4.2028,56.62,0,0.0,31,1,0,4.2028,4.2028,0,23.2161,19.9377,idle,0.686,1.7655,0.6824,1.7563,1.76,0.4,
215945,RUNNING,-0.3419,0.8315,5.9625,5.226,-63.38,0,0.0,31,1,0,5.226,5.226,0,23.4797,19.9377,idle,-0.343,0.8342,-0.3411,0.8297,0.8315,0.4,
216046,RUNNING,-0.3422,0.8323,4.95,5.219,169.4,0,0.0,132,1,2,5.219,5.219,0,22.5129,19.9377,idle,-0.343,0.8342,-0.3417,0.8311,0.8323,0.4,
216147,RUNNING,-0.3421,0.832,5.4,5.2117,0.0,0,0.0,233,1,4,5.2117,5.2117,0,22.9524,19.9377,idle,-0.343,0.8342,-0.3415,0.8305,0.832,0.4,
216247,RUNNING,-0.3421,0.832,5.4,5.2072,0.0,0,0.0,333,0,7,5.2072,5.2072,0,22.9524,19.9377,idle,-0.343,0.8342,-0.3415,0.8305,0.832,0.4,
216347,RUNNING,-2.4625,-0.1565,5.625,6.3185,240.0,0,0.0,34,1,0,6.3185,6.3185,0,23.0403,19.9377,idle,-2.4696,-0.1569,-2.4577,-0.1562,-0.1565,0.4,
216449,RUNNING,-4.8854,-2.7363,8.8875,27.9,360.0,0,0.0,13,1,0,32.5003,27.9,1,26.2043,19.9377,idle,-4.9208,-2.7562,-4.8617,-2.7231,-2.7363,0.4,
216550,RUNNING,-5.461,-3.9502,12.375,10.4675,240.0,0,0.0,31,1,0,10.4675,10.4675,0,29.6321,19.9377,idle,-5.5382,-4.006,-5.4095,-3.9129,-3.9502,0.4,
216651,RUNNING,-6.296,-5.1197,14.625,11.8033,120.0,0,0.0,31,1,0,11.8033,11.8033,0,31.9172,19.9377,idle,-6.4208,-5.2212,-6.2128,-5.052,-5.1197,0.4,
216754,RUNNING,-6.3338,-5.7283,15.4125,12.5878,0.0,0,0.0,32,1,0,12.5878,12.5878,0,32.884,19.9377,idle,-6.4735,-5.8546,-6.2407,-5.6441,-5.7283,0.4,
216854,RUNNING,-7.5517,-6.5661,16.0875,24.3045,120.0,0,0.0,10,1,0,24.3045,24.3045,0,33.5872,19.9377,idle,-7.7334,-6.724,-7.4306,-6.4607,-6.5661,0.4,
216955,RUNNING,-7.8829,-7.1549,16.9875,14.2458,0.0,0,0.0,30,1,0,14.2458,14.2458,0,34.2903,19.9377,idle,-8.0948,-7.3472,-7.7416,-7.0267,-7.1549,0.4,
217056,RUNNING,-8.3263,-7.6664,16.5375,15.0656,-120.0,0,0.0,32,1,0,15.0656,15.0656,0,33.8508,19.9377,idle,-8.5382,-7.8615,-8.185,-7.5363,-7.6664,0.4,
217158,RUNNING,-9.2325,-8.5752,15.8625,23.2071,120.0,0,0.0,12,1,0,23.2071,23.2071,0,33.1477,19.9377,idle,-9.4484,-8.7757,-9.0886,-8.4415,-8.5752,0.4,
217260,RUNNING,-8.3818,-8.478,15.75,16.1658,0.0,0,0.0,30,1,0,16.1658,16.1658,0,33.2356,19.9377,idle,-8.575,-8.6733,-8.2531,-8.3477,-8.478,0.4,
217360,RUNNING,-7.9125,-8.2036,15.75,15.9087,0.0,0,0.0,32,1,0,15.9087,15.9087,0,33.1477,19.9377,idle,-8.0948,-8.3927,-7.7909,-8.0776,-8.2036,0.4,
217460,RUNNING,-8.3818,-8.2616,15.75,17.197,120.0,0,0.0,11,1,0,17.197,17.197,0,32.9719,19.9377,idle,-8.575,-8.452,-8.2531,-8.1346,-8.2616,0.4,
217563,RUNNING,-10.436,-9.361,16.5375,17.0031,222.86,0,0.0,30,1,0,17.0031,17.0031,0,33.5872,19.9377,idle,-10.7016,-9.5993,-10.2589,-9.2022,-9.361,0.4,
217664,RUNNING,-10.4288,-9.2362,16.7625,27.9,-80.0,0,0.0,10,1,0,30.2427,27.9,1,34.2024,19.9377,idle,-10.7016,-9.4779,-10.2469,-9.0751,-9.2362,0.4,
217765,RUNNING,-10.8356,-10.0339,18.0,17.4615,214.79,0,0.0,29,1,0,17.4615,17.4615,0,34.9055,19.9377,idle,-11.1634,-10.3375,-10.617,-9.8315,-10.0339,0.4,
217868,RUNNING,-11.1598,-10.4918,19.9125,18.2784,94.79,0,0.0,31,1,0,18.2784,18.2784,0,36.927,19.9377,idle,-11.575,-10.8822,-10.883,-10.2316,-10.4918,0.4,
217970,RUNNING,-11.141,-10.8143,20.3625,18.8103,-25.21,0,0.0,31,1,0,18.8103,18.8103,0,37.4543,19.9377,idle,-11.575,-11.2355,-10.8517,-10.5334,-10.8143,0.4,
218076,RUNNING,-10.798,-10.8219,19.0125,18.8644,0.0,0,0.0,1,1,0,18.8644,18.8644,0,36.3118,19.9377,idle,-11.1634,-11.1881,-10.5544,-10.5778,-10.8219,0.4,
218176,RUNNING,-10.7937,-10.8176,19.125,19.1921,0.0,0,0.0,103,1,1,19.1921,19.1921,0,36.3118,19.9377,idle,-11.1634,-11.1881,-10.5472,-10.5706,-10.8176,0.4,
218276,RUNNING,-10.7937,-10.8176,19.125,19.2652,0.0,0,0.0,203,1,4,19.2652,19.2652,0,36.3118,19.9377,idle,-11.1634,-11.1881,-10.5472,-10.5706,-10.8176,0.4,
218377,RUNNING,-10.7937,-10.8176,19.125,19.3382,0.0,0,0.0,304,1,6,19.3382,19.3382,0,36.3118,19.9377,idle,-11.1634,-11.1881,-10.5472,-10.5706,-10.8176,0.4,
218477,RUNNING,-10.785,-10.8089,19.35,19.1377,0.0,0,0.0,405,0,8,19.1377,19.1377,0,36.5754,19.9377,idle,-11.1634,-11.1881,-10.5328,-10.5561,-10.8089,0.4,
218578,RUNNING,-5.0228,-8.0749,17.325,-16.3297,-354.56,0,0.0,13,1,0,-16.3297,-16.3297,0,34.8176,19.9377,idle,-5.1634,-8.3009,-4.9291,-7.9243,-8.0749,0.4,
218680,RUNNING,-5.0735,-6.5841,13.8375,15.0094,-234.56,0,0.0,32,1,0,15.0094,15.0094,0,31.3899,19.9377,idle,-5.1634,-6.7008,-5.0135,-6.5063,-6.5841,0.4,
218781,RUNNING,-2.1414,-3.9001,10.575,-7.2173,-354.56,0,0.0,12,1,0,-7.2173,-7.2173,0,28.05,19.9377,idle,-2.1634,-3.9402,-2.1267,-3.8733,-3.9001,0.4,
218884,RUNNING,-2.1466,-3.9096,9.225,11.7294,245.44,0,0.0,114,1,2,11.7294,11.7294,0,26.2043,19.9377,idle,-2.1634,-3.9402,-2.1354,-3.8893,-3.9096,0.4,
218985,RUNNING,-2.1343,-3.8873,12.15,11.6946,-25.98,0,0.0,216,1,4,11.6946,11.6946,0,29.1047,19.9377,idle,-2.1634,-3.9402,-2.1149,-3.852,-3.8873,0.4,
219086,RUNNING,-0.6569,-2.5588,10.35,10.3655,-145.98,0,0.0,32,1,0,10.3655,10.3655,0,27.7864,19.9377,idle,-0.6634,-2.584,-0.6526,-2.542,-2.5588,0.4,
219188,RUNNING,0.8312,-0.8341,8.4375,8.3869,-202.78,0,0.0,32,1,0,8.3869,8.3869,0,25.9407,19.9377,idle,0.8366,-0.8395,0.8275,-0.8304,-0.8341,0.4,
219289,RUNNING,2.3275,0.4635,6.525,6.8985,-82.78,0,0.0,32,1,0,6.8985,6.8985,0,23.9192,19.9377,idle,2.3366,0.4653,2.3215,0.4623,0.4635,0.4,
219389,RUNNING,3.8272,2.1793,5.175,4.9287,-202.78,0,0.0,31,1,0,4.9287,4.9287,0,22.6887,19.9377,idle,3.8366,2.1847,3.821,2.1758,2.1793,0.4,
219491,RUNNING,3.828,2.1798,4.95,4.9566,0.0,0,0.0,133,1,2,4.9566,4.9566,0,21.9856,19.9377,idle,3.8366,2.1847,3.8223,2.1765,2.1798,0.4,
219591,RUNNING,3.828,2.1798,4.95,4.9363,0.0,0,0.0,233,1,4,4.9363,4.9363,0,21.9856,19.9377,idle,3.8366,2.1847,3.8223,2.1765,2.1798,0.4,
219692,RUNNING,3.828,2.1798,4.95,4.9216,0.0,0,0.0,333,1,6,4.9216,4.9216,0,21.9856,19.9377,idle,3.8366,2.1847,3.8223,2.1765,2.1798,0.4,
219792,RUNNING,3.828,2.1798,4.95,4.9186,0.0,0,0.0,433,0,8,4.9186,4.9186,0,21.9856,19.9377,idle,3.8366,2.1847,3.8223,2.1765,2.1798,0.4,
219892,RUNNING,3.828,2.1798,4.95,4.9186,0.0,0,0.0,533,0,11,4.9186,4.9186,0,21.9856,19.9377,idle,3.8366,2.1847,3.8223,2.1765,2.1798,0.4,
219993,RUNNING,4.2437,2.7989,4.95,-11.4545,-120.0,0,0.0,13,1,0,-11.4545,-11.4545,0,21.9856,19.9377,idle,4.2532,2.8052,4.2373,2.7948,2.7989,0.4,
220093,RUNNING,4.2514,3.5854,2.1375,3.2781,-236.7,0,0.0,31,1,0,3.2781,3.2781,0,19.6125,19.9377,idle,4.2532,3.5869,4.2502,3.5844,3.5854,0.4,
220194,RUNNING,4.2522,3.789,1.575,3.0573,123.3,0,0.0,32,1,0,3.0573,3.0573,0,18.6458,19.9377,idle,4.2532,3.7899,4.2516,3.7884,3.789,0.4,
220295,RUNNING,4.2508,4.0311,2.475,2.7475,3.3,0,0.0,32,1,0,2.7475,2.7475,0,19.7004,19.9377,idle,4.2532,4.0334,4.2492,4.0296,4.0311,0.4,
220395,RUNNING,2.4674,3.2702,3.15,12.3052,123.3,0,0.0,10,1,0,12.3052,12.3052,0,20.1399,19.9377,idle,2.4696,3.2732,2.4659,3.2683,3.2702,0.4,
220496,RUNNING,2.4659,2.8591,4.05,4.0436,3.3,0,0.0,30,1,0,4.0436,4.0436,0,20.843,19.9377,idle,2.4696,2.8634,2.4634,2.8562,2.8591,0.4,
220597,RUNNING,1.3009,2.0964,4.6125,4.8836,170.06,0,0.0,32,1,0,4.8836,4.8836,0,21.3704,19.9377,idle,1.3034,2.1005,1.2992,2.0937,2.0964,0.4,
220699,RUNNING,0.7511,1.2979,7.0875,11.715,290.06,0,0.0,11,1,0,11.715,11.715,0,23.9192,19.9377,idle,0.7546,1.3039,0.7488,1.294,1.2979,0.4,
220801,RUNNING,-0.272,0.5412,9.9,6.6231,170.06,0,0.0,30,1,0,6.6231,6.6231,0,26.6438,19.9377,idle,-0.2744,0.5461,-0.2703,0.5379,0.5412,0.4,
220902,RUNNING,-0.4747,0.0651,11.25,7.1419,50.06,0,0.0,31,1,0,7.1419,7.1419,0,28.1379,19.9377,idle,-0.4802,0.0659,-0.471,0.0646,0.0651,0.4,
221003,RUNNING,-0.8813,-0.3426,11.3625,7.5985,-69.94,0,0.0,31,1,0,7.5985,7.5985,0,28.4016,19.9377,idle,-0.8918,-0.3466,-0.8743,-0.3398,-0.3426,0.4,
221106,RUNNING,-2.0388,-1.1329,10.125,8.5012,-189.94,0,0.0,32,1,0,8.5012,8.5012,0,27.4348,19.9377,idle,-2.058,-1.1435,-2.026,-1.1257,-1.1329,0.4,
221207,RUNNING,-2.5195,-1.9235,9.0,15.8526,170.06,0,0.0,10,1,0,15.8526,15.8526,0,26.2043,19.9377,idle,-2.5382,-1.9378,-2.507,-1.914,-1.9235,0.4,
221308,RUNNING,-2.5134,-2.2221,10.35,9.7103,50.06,0,0.0,30,1,0,9.7103,9.7103,0,27.259,19.9377,idle,-2.5382,-2.244,-2.4969,-2.2075,-2.2221,0.4,
221410,RUNNING,-2.3771,-2.3294,10.4625,9.882,-120.0,0,0.0,31,1,0,9.882,9.882,0,27.6106,19.9377,idle,-2.401,-2.3529,-2.3611,-2.3138,-2.3294,0.4,
221510,RUNNING,-2.1124,-2.2226,8.55,9.7871,53.53,0,0.0,31,1,0,9.7871,9.7871,0,25.8528,19.9377,idle,-2.1266,-2.2375,-2.103,-2.2126,-2.2226,0.4,
221612,RUNNING,-1.3603,-1.9379,9.675,9.4612,0.0,0,0.0,31,1,0,9.4612,9.4612,0,26.8196,19.9377,idle,-1.372,-1.9546,-1.3525,-1.9268,-1.9379,0.4,
221712,RUNNING,-1.159,-1.5859,8.2125,9.1146,-120.0,0,0.0,32,1,0,9.1146,9.1146,0,25.677,19.9377,idle,-1.1662,-1.5957,-1.1542,-1.5793,-1.5859,0.4,
221813,RUNNING,-0.0683,-0.9849,7.3125,8.4267,0.0,0,0.0,32,1,0,8.4267,8.4267,0,24.5344,19.9377,idle,-0.0686,-0.9898,-0.068,-0.9817,-0.9849,0.4,
221915,RUNNING,-0.0,-0.4823,7.7625,7.8562,0.0,0,0.0,32,1,0,7.8562,7.8562,0,24.7981,19.9377,idle,-0.0,-0.485,-0.0,-0.4805,-0.4823,0.4,
222015,RUNNING,1.2976,0.5379,6.975,-1.5342,-279.26,0,0.0,11,1,0,-1.5342,-1.5342,0,24.2708,19.9377,idle,1.3034,0.5403,1.2938,0.5363,0.5379,0.4,
222115,RUNNING,1.8307,1.0868,4.275,6.0704,-159.26,0,0.0,31,1,0,6.0704,6.0704,0,21.7219,19.9377,idle,1.8338,1.0886,1.8287,1.0856,1.0868,0.4,
222216,RUNNING,2.9289,1.854,3.0375,5.2066,-39.26,0,0.0,32,1,0,5.2066,5.2066,0,20.3157,19.9377,idle,2.9314,1.8556,2.9273,1.853,1.854,0.4,
222316,RUNNING,2.9251,1.8516,4.8375,5.2329,234.11,0,0.0,132,1,2,5.2329,5.2329,0,21.4583,19.9377,idle,2.9314,1.8556,2.921,1.849,1.8516,0.4,
222417,RUNNING,2.9245,1.8512,5.0625,5.1704,-67.36,0,0.0,233,1,4,5.1704,5.1704,0,22.425,19.9377,idle,2.9314,1.8556,2.92,1.8483,1.8512,0.4,
222518,RUNNING,2.9236,1.8506,5.4,5.179,0.0,0,0.0,334,1,6,5.179,5.179,0,22.425,19.9377,idle,2.9314,1.8556,2.9184,1.8473,1.8506,0.4,
222618,RUNNING,2.9242,1.851,5.175,5.174,0.0,0,0.0,435,0,8,5.174,5.174,0,22.3372,19.9377,idle,2.9314,1.8556,2.9194,1.848,1.851,0.4,
222718,RUNNING,2.9242,1.851,5.175,5.174,0.0,0,0.0,535,0,10,5.174,5.174,0,22.3372,19.9377,idle,2.9314,1.8556,2.9194,1.848,1.851,0.4,
222819,RUNNING,5.9193,3.072,4.725,3.7641,-320.15,0,0.0,33,1,0,3.7641,3.7641,0,22.0735,19.9377,idle,5.9314,3.0783,5.9112,3.0679,3.072,0.4,
222920,RUNNING,6.8415,5.2258,0.45,-16.1986,-440.15,0,0.0,12,1,0,-16.1986,-16.1986,0,17.8547,19.9377,idle,6.8416,5.2259,6.8414,5.2257,5.2258,0.4,
223024,RUNNING,7.8087,6.5249,-4.05,-0.0615,-320.15,0,0.0,32,1,0,-0.0615,-0.0615,0,13.1965,19.9377,idle,7.8204,6.5347,7.8009,6.5183,6.5249,0.4,
223125,RUNNING,7.8391,7.399,-8.325,-5.7851,-200.15,0,0.0,11,1,0,-5.7851,-5.7851,0,8.802,19.9377,idle,7.889,7.4461,7.8059,7.3676,7.399,0.4,
223226,RUNNING,7.8418,7.626,-8.1,-1.6987,399.85,0,0.0,32,1,0,-1.6987,-1.6987,0,8.3625,19.9377,idle,7.889,7.672,7.8103,7.5954,7.626,0.4,
223328,RUNNING,8.088,7.881,-3.0375,-1.9511,340.42,0,0.0,32,1,0,-1.9511,-1.9511,0,13.3723,19.9377,idle,8.0948,7.8876,8.0834,7.8765,7.881,0.4,
223430,RUNNING,8.367,8.1455,-1.6875,-2.1693,-226.69,0,0.0,33,1,0,-2.1693,-2.1693,0,15.4817,19.9377,idle,8.3692,8.1476,8.3656,8.1441,8.1455,0.4,
223532,RUNNING,8.0914,8.1095,-2.1375,-2.0157,0.0,0,0.0,12,1,0,-2.0157,-2.0157,0,14.7786,19.9377,idle,8.0948,8.1129,8.0892,8.1073,8.1095,0.4,
223632,RUNNING,7.9543,8.063,-2.1375,-2.188,0.0,0,0.0,72,1,1,-2.188,-2.188,0,15.0422,19.9377,idle,7.9576,8.0663,7.9521,8.0607,8.063,0.4,
223732,RUNNING,7.9543,8.063,-2.1375,-2.2595,0.0,0,0.0,172,1,3,-2.2595,-2.2595,0,14.8665,19.9377,idle,7.9576,8.0663,7.9521,8.0607,8.063,0.4,
223833,RUNNING,7.9543,8.063,-2.1375,-2.3139,0.0,0,0.0,272,1,5,-2.3139,-2.3139,0,14.8665,19.9377,idle,7.9576,8.0663,7.9521,8.0607,8.063,0.4,
223933,RUNNING,7.9543,8.063,-2.1375,-2.3465,0.0,0,0.0,372,0,7,-2.3465,-2.3465,0,14.8665,19.9377,idle,7.9576,8.0663,7.9521,8.0607,8.063,0.4,
224033,RUNNING,7.9543,8.063,-2.1375,-2.3465,0.0,0,0.0,472,0,10,-2.3465,-2.3465,0,14.8665,19.9377,idle,7.9576,8.0663,7.9521,8.0607,8.063,0.4,
224133,RUNNING,7.9543,8.063,-2.1375,-2.3465,0.0,0,0.0,573,0,11,-2.3465,-2.3465,0,14.8665,19.9377,idle,7.9576,8.0663,7.9521,8.0607,8.063,0.4,
224233,RUNNING,4.9574,6.4806,-0.675,-0.6236,240.0,0,0.0,32,1,0,-0.6236,-0.6236,0,15.9211,19.9377,idle,4.9576,6.4809,4.9573,6.4804,6.4806,0.4,
224334,RUNNING,4.9565,5.7027,1.575,0.2476,120.0,0,0.0,32,1,0,0.2476,0.2476,0,18.2942,19.9377,idle,4.9576,5.704,4.9557,5.7018,5.7027,0.4,
224435,RUNNING,4.3974,5.1533,2.3625,0.8253,0.0,0,0.0,31,1,0,0.8253,0.8253,0,19.1731,19.9377,idle,4.3996,5.1559,4.3959,5.1516,5.1533,0.4,
224535,RUNNING,3.3261,4.33,1.8,1.7038,0.0,0,0.0,32,1,0,1.7038,1.7038,0,18.9094,19.9377,idle,3.3271,4.3313,3.3255,4.3291,4.33,0.4,
224635,RUNNING,1.9567,3.2987,2.25,2.8503,240.0,0,0.0,33,1,0,2.8503,2.8503,0,19.0852,19.9377,idle,1.9576,3.3002,1.9561,3.2977,3.2987,0.4,
224736,RUNNING,1.9562,3.2979,2.8125,2.8167,0.0,0,0.0,134,1,2,2.8167,2.8167,0,19.8762,19.9377,idle,1.9576,3.3002,1.9552,3.2963,3.2979,0.4,
224836,RUNNING,1.1652,2.6578,3.0375,3.5293,229.04,0,0.0,33,1,0,3.5293,3.5293,0,19.8762,19.9377,idle,1.1662,2.66,1.1646,2.6563,2.6578,0.4,
224936,RUNNING,1.1647,2.6567,3.7125,3.5045,0.0,0,0.0,133,1,2,3.5045,3.5045,0,20.6672,19.9377,idle,1.1662,2.66,1.1638,2.6545,2.6567,0.4,
225036,RUNNING,1.1647,2.6567,3.7125,3.4866,-120.0,0,0.0,233,1,5,3.4866,3.4866,0,20.7551,19.9377,idle,1.1662,2.66,1.1638,2.6545,2.6567,0.4,
225136,RUNNING,1.165,2.6573,3.375,3.4752,0.0,0,0.0,334,0,7,3.4752,3.4752,0,20.4036,19.9377,idle,1.1662,2.66,1.1642,2.6554,2.6573,0.4,
225236,RUNNING,1.165,2.6573,3.375,3.4752,0.0,0,0.0,434,0,10,3.4752,3.4752,0,20.4036,19.9377,idle,1.1662,2.66,1.1642,2.6554,2.6573,0.4,
225336,RUNNING,1.165,2.6573,3.375,3.4752,0.0,0,0.0,534,0,12,3.4752,3.4752,0,20.4036,19.9377,idle,1.1662,2.66,1.1642,2.6554,2.6573,0.4,
225436,RUNNING,1.165,2.6573,3.375,3.4752,0.0,0,0.0,634,0,14,3.4752,3.4752,0,20.4036,19.9377,idle,1.1662,2.66,1.1642,2.6554,2.6573,0.4,
225538,RUNNING,1.165,2.6573,3.375,3.4752,0.0,0,0.0,735,0,16,3.4752,3.4752,0,20.4036,19.9377,idle,1.1662,2.66,1.1642,2.6554,2.6573,0.4,
225638,RUNNING,-1.8316,1.3103,3.6,4.9917,240.0,0,0.0,32,1,0,4.9917,4.9917,0,20.4036,19.9377,idle,-1.8338,1.3119,-1.8302,1.3093,1.3103,0.4,
225739,RUNNING,-3.3165,-1.1986,7.5375,27.9,462.99,0,0.0,10,1,0,30.7774,27.9,1,24.2708,19.9377,idle,-3.3338,-1.2048,-3.305,-1.1944,-1.1986,0.4,
225842,RUNNING,-4.7676,-3.0138,12.2625,9.693,342.99,0,0.0,31,1,0,9.693,9.693,0,28.929,19.9377,idle,-4.8338,-3.0556,-4.7235,-2.9859,-3.0138,0.4,
225943,RUNNING,-4.7089,-4.1148,16.875,17.3352,222.99,0,0.0,10,1,0,17.3352,17.3352,0,33.7629,19.9377,idle,-4.8338,-4.2239,-4.6257,-4.042,-4.1148,0.4,
226044,RUNNING,-7.5804,-5.5639,18.9,12.5607,102.99,0,0.0,29,1,0,12.5607,12.5607,0,35.7844,19.9377,idle,-7.8338,-5.7499,-7.4114,-5.4399,-5.5639,0.4,
226146,RUNNING,-7.5652,-6.5791,19.4625,13.8885,-17.01,0,0.0,31,1,0,13.8885,13.8885,0,36.5754,19.9377,idle,-7.8338,-6.8127,-7.3862,-6.4234,-6.5791,0.4,
226247,RUNNING,-7.5804,-7.0962,18.9,14.6554,-137.01,0,0.0,31,1,0,14.6554,14.6554,0,35.9602,19.9377,idle,-7.8338,-7.3335,-7.4114,-6.9381,-7.0962,0.4,
226350,RUNNING,-10.5576,-8.5792,16.7625,16.5136,-162.92,0,0.0,32,1,0,16.5136,16.5136,0,34.0266,19.9377,idle,-10.8338,-8.8036,-10.3735,-8.4296,-8.5792,0.4,
226452,RUNNING,-10.5351,-9.8579,17.4375,17.2292,197.08,0,0.0,22,1,0,17.2292,17.2292,0,34.1145,19.9377,idle,-10.8338,-10.1375,-10.3359,-9.6716,-9.8579,0.4,
226553,RUNNING,-10.7452,-10.2262,19.125,17.9373,77.08,0,0.0,31,1,0,17.9373,17.9373,0,35.8723,19.9377,idle,-11.1132,-10.5764,-10.4998,-9.9927,-10.2262,0.4,
226655,RUNNING,-11.0634,-10.6332,19.4625,18.6643,-42.92,0,0.0,31,1,0,18.6643,18.6643,0,36.3997,19.9377,idle,-11.4562,-11.0107,-10.8016,-10.3815,-10.6332,0.4,
226758,RUNNING,-11.4563,-10.9952,19.575,18.8038,77.08,0,0.0,32,1,0,18.8038,18.8038,0,36.0481,19.9377,idle,-11.8678,-11.3902,-11.1819,-10.7319,-10.9952,0.4,
226862,RUNNING,-11.459,-11.2695,21.0375,21.4459,197.08,0,0.0,11,1,0,21.4459,21.4459,0,37.718,19.9377,idle,-11.9364,-11.739,-11.1408,-10.9565,-11.2695,0.4,
226964,RUNNING,-12.1653,-11.6885,22.725,19.6276,77.08,0,0.0,31,1,0,19.6276,19.6276,0,39.2122,19.9377,idle,-12.7596,-12.2595,-11.7691,-11.3078,-11.6885,0.4,
227066,RUNNING,-11.3932,-11.5913,21.0375,21.2112,-282.92,0,0.0,31,1,0,21.2112,21.2112,0,38.2454,19.9377,idle,-11.8678,-12.0741,-11.0768,-11.2693,-11.5913,0.4,
227169,RUNNING,-11.4884,-11.5863,18.7875,20.3441,77.08,0,0.0,30,1,0,20.3441,20.3441,0,35.6086,19.9377,idle,-11.8678,-11.9689,-11.2355,-11.3312,-11.5863,0.4,
227271,RUNNING,-11.4325,-11.5007,20.1375,20.0881,0.0,0,0.0,73,1,1,20.0881,20.0881,0,36.927,19.9377,idle,-11.8678,-11.9386,-11.1423,-11.2088,-11.5007,0.4,
227374,RUNNING,-10.8378,-11.3018,20.1375,19.8236,0.0,0,0.0,73,1,1,19.8236,19.8236,0,36.8391,19.9377,idle,-11.2504,-11.7321,-10.5627,-11.0149,-11.3018,0.4,
227475,RUNNING,-10.8423,-11.3066,20.025,20.1448,0.0,0,0.0,175,1,3,20.1448,20.1448,0,36.6633,19.9377,idle,-11.2504,-11.7321,-10.5702,-11.0228,-11.3066,0.4,
227575,RUNNING,-10.8423,-11.3066,20.025,20.2212,0.0,0,0.0,275,1,6,20.2212,20.2212,0,36.6633,19.9377,idle,-11.2504,-11.7321,-10.5702,-11.0228,-11.3066,0.4,
227676,RUNNING,-10.8332,-11.297,20.25,20.2517,0.0,0,0.0,377,0,8,20.2517,20.2517,0,36.8391,19.9377,idle,-11.2504,-11.7321,-10.555,-11.007,-11.297,0.4,
227776,RUNNING,-10.8332,-11.297,20.25,20.2517,0.0,0,0.0,477,0,10,20.2517,20.2517,0,36.8391,19.9377,idle,-11.2504,-11.7321,-10.555,-11.007,-11.297,0.4,
227877,RUNNING,-7.9444,-10.2913,20.25,19.1373,-120.0,0,0.0,33,1,0,19.1373,19.1373,0,36.8391,19.9377,idle,-8.2504,-10.6876,-7.7405,-10.027,-10.2913,0.4,
227979,RUNNING,-7.996,-9.6494,18.45,18.5744,0.0,0,0.0,80,1,1,18.5744,18.5744,0,35.0813,19.9377,idle,-8.2504,-9.9564,-7.8263,-9.4447,-9.6494,0.4,
228079,RUNNING,-7.996,-9.6494,18.45,18.5453,0.0,0,0.0,180,1,4,18.5453,18.5453,0,35.0813,19.9377,idle,-8.2504,-9.9564,-7.8263,-9.4447,-9.6494,0.4,
228179,RUNNING,-6.5522,-8.3827,18.0,17.3408,-240.0,0,0.0,31,1,0,17.3408,17.3408,0,34.8176,19.9377,idle,-6.7504,-8.6364,-6.42,-8.2137,-8.3827,0.4,
228281,RUNNING,-5.1468,-6.2852,14.7375,2.7845,-360.0,0,0.0,12,1,0,2.7845,2.7845,0,31.4778,19.9377,idle,-5.2504,-6.4118,-5.0777,-6.2008,-6.2852,0.4,
228382,RUNNING,-2.225,-4.5525,11.1375,13.1462,-240.0,0,0.0,31,1,0,13.1462,13.1462,0,28.05,19.9377,idle,-2.2504,-4.6045,-2.208,-4.5178,-4.5525,0.4,
228486,RUNNING,-2.2321,-3.8665,9.45,12.2094,120.0,0,0.0,73,1,1,12.2094,12.2094,0,26.0286,19.9377,idle,-2.2504,-3.8983,-2.2199,-3.8454,-3.8665,0.4,
228586,RUNNING,-2.2239,-3.0219,11.3625,11.2286,0.0,0,0.0,22,1,0,11.2286,11.2286,0,27.5227,19.9377,idle,-2.2504,-3.0579,-2.2063,-2.9979,-3.0219,0.4,
228686,RUNNING,-0.7432,-2.343,10.2375,10.5729,0.0,0,0.0,73,1,1,10.5729,10.5729,0,26.9075,19.9377,idle,-0.7504,-2.3656,-0.7385,-2.328,-2.343,0.4,
228787,RUNNING,0.7432,-1.4188,9.675,9.5427,-120.0,0,0.0,73,1,1,9.5427,9.5427,0,26.468,19.9377,idle,0.7496,-1.4311,0.7389,-1.4107,-1.4188,0.4,
228889,RUNNING,0.7436,-1.4197,9.3375,9.5163,0.0,0,0.0,175,1,3,9.5163,9.5163,0,25.8528,19.9377,idle,0.7496,-1.4311,0.7397,-1.4121,-1.4197,0.4,
228989,RUNNING,0.7436,-1.4197,9.3375,9.5259,0.0,0,0.0,275,1,6,9.5259,9.5259,0,25.8528,19.9377,idle,0.7496,-1.4311,0.7397,-1.4121,-1.4197,0.4,
229089,RUNNING,0.7436,-1.4197,9.3375,9.5297,0.0,0,0.0,375,0,8,9.5297,9.5297,0,25.8528,19.9377,idle,0.7496,-1.4311,0.7397,-1.4121,-1.4197,0.4,
229189,RUNNING,0.7436,-1.4197,9.3375,9.5297,0.0,0,0.0,476,0,10,9.5297,9.5297,0,25.8528,19.9377,idle,0.7496,-1.4311,0.7397,-1.4121,-1.4197,0.4,
229289,RUNNING,0.7436,-1.4197,9.3375,9.5297,0.0,0,0.0,576,0,12,9.5297,9.5297,0,25.8528,19.9377,idle,0.7496,-1.4311,0.7397,-1.4121,-1.4197,0.4,
229390,RUNNING,1.702,-0.4835,9.1125,8.4826,-240.0,0,0.0,33,1,0,8.4826,8.4826,0,25.8528,19.9377,idle,1.715,-0.4872,1.6934,-0.4811,-0.4835,0.4,
229491,RUNNING,2.1883,1.3135,5.85,-3.0543,-360.0,0,0.0,12,1,0,-3.0543,-3.0543,0,22.6887,19.9377,idle,2.1952,1.3176,2.1838,1.3108,1.3135,0.4,
229595,RUNNING,2.1942,1.7068,2.25,5.9819,-240.0,0,0.0,32,1,0,5.9819,5.9819,0,19.0852,19.9377,idle,2.1952,1.7076,2.1935,1.7062,1.7068,0.4,
229696,RUNNING,1.92,1.9045,2.1375,5.6043,360.0,0,0.0,10,1,0,5.6043,5.6043,0,18.1184,19.9377,idle,1.9208,1.9053,1.9195,1.904,1.9045,0.4,
229796,RUNNING,1.7083,1.8443,6.525,5.8652,306.62,0,0.0,29,1,0,5.8652,5.8652,0,22.6008,19.9377,idle,1.715,1.8515,1.7039,1.8395,1.8443,0.4,
229898,RUNNING,1.7061,1.7726,7.5375,5.8655,-293.38,0,0.0,32,1,0,5.8655,5.8655,0,24.1829,19.9377,idle,1.715,1.7819,1.7002,1.7665,1.7726,0.4,
229999,RUNNING,1.163,1.5787,5.5125,6.0981,150.2,0,0.0,31,1,0,6.0981,6.0981,0,21.8977,19.9377,idle,1.1662,1.5831,1.1608,1.5758,1.5787,0.4,
230099,RUNNING,0.8187,1.189,7.7625,6.5463,165.3,0,0.0,31,1,0,6.5463,6.5463,0,23.8313,19.9377,idle,0.8232,1.1956,0.8157,1.1846,1.189,0.4,
230200,RUNNING,1.1609,1.1752,7.0875,6.5034,-249.61,0,0.0,32,1,0,6.5034,6.5034,0,23.8313,19.9377,idle,1.1662,1.1806,1.1573,1.1716,1.1752,0.4,
230301,RUNNING,1.1615,1.1685,6.6375,6.5421,63.32,0,0.0,32,1,0,6.5421,6.5421,0,22.8645,19.9377,idle,1.1662,1.1732,1.1584,1.1654,1.1685,0.4,
230403,RUNNING,0.682,0.8969,7.9875,9.168,183.32,0,0.0,11,1,0,9.168,9.168,0,24.1829,19.9377,idle,0.686,0.9021,0.6793,0.8934,0.8969,0.4,
230503,RUNNING,0.7506,0.8225,7.65,6.8936,-284.05,0,0.0,31,1,0,6.8936,6.8936,0,24.3586,19.9377,idle,0.7546,0.8269,0.7479,0.8195,0.8225,0.4,
230603,RUNNING,0.7511,0.7864,7.0875,6.9508,75.95,0,0.0,32,1,0,6.9508,6.9508,0,23.304,19.9377,idle,0.7546,0.79,0.7488,0.784,0.7864,0.4,
230705,RUNNING,0.7512,0.7685,6.975,6.9571,0.0,0,0.0,32,1,0,6.9571,6.9571,0,23.304,19.9377,idle,0.7546,0.772,0.749,0.7662,0.7685,0.4,
230805,RUNNING,0.7512,0.7471,6.975,6.9316,0.0,0,0.0,11,1,0,6.9316,6.9316,0,23.304,19.9377,idle,0.7546,0.7505,0.749,0.7449,0.7471,0.4,
230905,RUNNING,0.7512,0.7492,6.975,6.9688,0.0,0,0.0,31,1,0,6.9688,6.9688,0,23.304,19.9377,idle,0.7546,0.7526,0.749,0.747,0.7492,0.4,
231005,RUNNING,0.8198,0.7957,6.75,6.6496,0.0,0,0.0,12,1,0,6.6496,6.6496,0,23.1282,19.9377,idle,0.8232,0.799,0.8175,0.7934,0.7957,0.4,
231105,RUNNING,0.4802,0.6363,1.0125,-0.7227,-374.15,0,0.0,31,1,0,-0.7227,-0.7227,0,21.1946,19.9497,idle,0.4802,0.6364,0.4801,0.6363,0.6363,0.4,
231206,RUNNING,1.6461,0.9064,-1.4625,-1.0275,-58.53,0,0.0,31,1,0,-1.0275,-1.0275,0,18.6458,19.9497,idle,1.6464,0.9066,1.6459,0.9063,0.9064,0.4,
231308,RUNNING,0.4802,0.6891,-0.1125,-0.791,192.38,0,0.0,32,1,0,-0.791,-0.791,0,19.4368,19.9497,idle,0.4802,0.6891,0.4802,0.6891,0.6891,0.4,
231409,RUNNING,2.0579,1.3008,-0.5625,-1.4843,-313.57,0,0.0,32,1,0,-1.4843,-1.4843,0,19.7004,19.9497,idle,2.058,1.3008,2.0579,1.3008,1.3008,0.4,
231512,RUNNING,2.0556,1.685,-3.6,-1.9107,-193.57,0,0.0,32,1,0,-1.9107,-1.9107,0,16.6243,19.9497,idle,2.058,1.687,2.0539,1.6837,1.685,0.4,
231613,RUNNING,3.4189,2.3635,-5.9625,-2.6769,-98.65,0,0.0,22,1,0,-2.6769,-2.6769,0,14.0754,19.9497,idle,3.43,2.3712,3.4114,2.3583,2.3635,0.4,
231714,RUNNING,3.4167,2.9103,-6.525,-3.3193,21.35,0,0.0,32,1,0,-3.3193,-3.3193,0,13.3723,19.9497,idle,3.43,2.9217,3.4078,2.9028,2.9103,0.4,
231816,RUNNING,4.172,3.4402,-5.7375,-3.9668,141.35,0,0.0,32,1,0,-3.9668,-3.9668,0,13.8997,19.9497,idle,4.1846,3.4505,4.1636,3.4332,3.4402,0.4,
231918,RUNNING,5.0477,4.093,-4.725,-4.6968,0.0,0,0.0,33,1,0,-4.6968,-4.6968,0,15.218,19.9497,idle,5.058,4.1013,5.0408,4.0874,4.093,0.4,
232018,RUNNING,5.4728,4.9412,-5.5125,-11.4295,-280.31,0,0.0,13,1,0,-11.4295,-11.4295,0,14.427,19.9497,idle,5.488,4.9549,5.4626,4.932,4.9412,0.4,
232120,RUNNING,5.4542,5.1946,-8.2125,-5.9141,-160.31,0,0.0,32,1,0,-5.9141,-5.9141,0,11.8782,19.9497,idle,5.488,5.2268,5.4317,5.1732,5.1946,0.4,
232221,RUNNING,5.4578,5.3305,-7.7625,-6.299,360.16,0,0.0,32,1,0,-6.299,-6.299,0,11.7024,19.9497,idle,5.488,5.36,5.4377,5.3109,5.3305,0.4,
232324,RUNNING,5.4688,5.4063,-6.1875,-6.2975,0.0,0,0.0,32,1,0,-6.2975,-6.2975,0,13.636,19.9497,idle,5.488,5.4253,5.456,5.3937,5.4063,0.4,
232424,RUNNING,3.7617,4.8265,-5.7375,-5.7434,0.0,0,0.0,21,1,0,-5.7434,-5.7434,0,13.7239,19.9497,idle,3.773,4.8411,3.7541,4.8168,4.8265,0.4,
232524,RUNNING,3.216,4.1212,-5.2875,-4.9735,183.01,0,0.0,32,1,0,-4.9735,-4.9735,0,14.1633,19.9497,idle,3.2242,4.1317,3.2105,4.1141,4.1212,0.4,
232626,RUNNING,3.2222,3.5333,-2.5875,-0.9608,303.01,0,0.0,12,1,0,-0.9608,-0.9608,0,16.8879,19.9497,idle,3.2242,3.5355,3.2209,3.5319,3.5333,0.4,
232727,RUNNING,2.8126,3.21,0.225,-3.974,169.93,0,0.0,31,1,0,-3.974,-3.974,0,19.7004,19.9497,idle,2.8126,3.21,2.8126,3.21,3.21,0.4,
232828,RUNNING,2.4192,2.9726,1.0125,-3.7296,-190.07,0,0.0,72,1,1,-3.7296,-3.7296,0,20.9309,19.9497,idle,2.4194,2.9728,2.419,2.9724,2.9726,0.4,
232930,RUNNING,2.4172,2.9701,-3.15,-3.7067,-309.69,0,0.0,174,1,3,-3.7067,-3.7067,0,17.0637,19.9497,idle,2.4194,2.9728,2.4157,2.9683,2.9701,0.4,
233031,RUNNING,2.0205,2.4848,-4.1625,-3.2323,290.31,0,0.0,32,1,0,-3.2323,-3.2323,0,15.3938,19.9497,idle,2.0237,2.4888,2.0184,2.4822,2.4848,0.4,
233134,RUNNING,1.8175,2.1462,-1.4625,-2.8596,170.31,0,0.0,32,1,0,-2.8596,-2.8596,0,18.0305,19.9497,idle,1.8179,2.1466,1.8173,2.1459,2.1462,0.4,
233235,RUNNING,1.4406,1.9348,0.1125,-2.6253,-189.69,0,0.0,94,1,1,-2.6253,-2.6253,0,19.9641,19.9497,idle,1.4406,1.9348,1.4406,1.9348,1.9348,0.4,
233336,RUNNING,1.4394,1.9332,-3.0375,-2.625,-69.21,0,0.0,195,1,4,-2.625,-2.625,0,16.9758,19.9497,idle,1.4406,1.9348,1.4386,1.9321,1.9332,0.4,
233438,RUNNING,1.4397,1.9336,-2.5875,-2.6499,0.0,0,0.0,297,1,6,-2.6499,-2.6499,0,17.1516,19.9497,idle,1.4406,1.9348,1.4391,1.9328,1.9336,0.4,
233538,RUNNING,1.4397,1.9336,-2.5875,-2.6551,0.0,0,0.0,398,0,8,-2.6551,-2.6551,0,17.1516,19.9497,idle,1.4406,1.9348,1.4391,1.9328,1.9336,0.4,
233639,RUNNING,-1.3719,0.0331,-1.0125,14.7173,286.44,0,0.0,13,1,0,14.7173,14.7173,0,18.6458,19.9497,idle,-1.372,0.0331,-1.3718,0.0331,0.0331,0.4,
233741,RUNNING,-1.559,-0.7592,1.6875,0.3691,166.44,0,0.0,31,1,0,0.3691,0.3691,0,21.1946,19.9497,idle,-1.5594,-0.7594,-1.5587,-0.7591,-0.7592,0.4,
233842,RUNNING,-1.9192,-1.3127,3.0375,0.996,46.44,0,0.0,31,1,0,0.996,0.996,0,22.7766,19.9497,idle,-1.9208,-1.3138,-1.9181,-1.3119,-1.3127,0.4,
233945,RUNNING,-1.5585,-1.4762,2.475,1.2038,-313.56,0,0.0,32,1,0,1.2038,1.2038,0,22.6887,19.9497,idle,-1.5594,-1.477,-1.5579,-1.4756,-1.4762,0.4,
234046,RUNNING,-1.9204,-1.7416,1.575,1.5016,46.44,0,0.0,22,1,0,1.5016,1.5016,0,21.1946,19.9497,idle,-1.9208,-1.742,-1.9201,-1.7414,-1.7416,0.4,
234147,RUNNING,-1.9199,-1.8323,2.25,1.6156,0.0,0,0.0,31,1,0,1.6156,1.6156,0,21.8977,19.9497,idle,-1.9208,-1.8332,-1.9193,-1.8318,-1.8323,0.4,
234248,RUNNING,-1.0289,-1.4518,0.7875,1.2054,-120.0,0,0.0,32,1,0,1.2054,1.2054,0,20.7551,19.9497,idle,-1.029,-1.4519,-1.0289,-1.4517,-1.4518,0.4,
234350,RUNNING,-0.2058,-1.078,-0.1125,0.7894,240.0,0,0.0,81,1,1,0.7894,0.7894,0,19.4368,19.9497,idle,-0.2058,-1.078,-0.2058,-1.078,-1.078,0.4,
234451,RUNNING,-0.2058,-1.0779,1.0125,0.7963,0.0,0,0.0,182,1,4,0.7963,0.7963,0,20.6672,19.9497,idle,-0.2058,-1.078,-0.2058,-1.0779,-1.0779,0.4,
234551,RUNNING,-0.2058,-1.0779,1.0125,0.8036,0.0,0,0.0,282,1,6,0.8036,0.8036,0,20.6672,19.9497,idle,-0.2058,-1.078,-0.2058,-1.0779,-1.0779,0.4,
234651,RUNNING,-0.2058,-1.0779,1.0125,0.8065,0.0,0,0.0,382,0,8,0.8065,0.8065,0,20.5793,19.9497,idle,-0.2058,-1.078,-0.2058,-1.0779,-1.0779,0.4,
234752,RUNNING,2.7939,1.0561,-1.125,-18.9,-360.0,0,0.0,12,1,0,-20.4452,-18.9,1,18.8215,19.9497,idle,2.7942,1.0563,2.7937,1.056,1.0561,0.4,
234853,RUNNING,2.7888,1.7898,-4.6125,-2.4023,-240.0,0,0.0,31,1,0,-2.4023,-2.4023,0,15.3938,19.9497,idle,2.7942,1.7933,2.7851,1.7875,1.7898,0.4,
234954,RUNNING,2.7822,2.2742,-6.8625,-2.9499,-120.0,0,0.0,32,1,0,-2.9499,-2.9499,0,12.9329,19.9497,idle,2.7942,2.2841,2.7742,2.2677,2.2742,0.4,
235057,RUNNING,2.781,2.7258,-7.2,-3.5354,240.0,0,0.0,32,1,0,-3.5354,-3.5354,0,12.1418,19.9497,idle,2.7942,2.7387,2.7722,2.7171,2.7258,0.4,
235158,RUNNING,4.6409,3.4292,-3.6,-17.4938,99.33,0,0.0,11,1,0,-17.4938,-17.4938,0,15.7454,19.9497,idle,4.6464,3.4333,4.6372,3.4265,3.4292,0.4,
235259,RUNNING,5.4757,4.3863,-4.95,-5.357,-260.67,0,0.0,32,1,0,-5.357,-5.357,0,15.0422,19.9497,idle,5.488,4.3962,5.4675,4.3798,4.3863,0.4,
235361,RUNNING,5.8699,5.0653,-7.425,-6.1316,-140.67,0,0.0,32,1,0,-6.1316,-6.1316,0,12.4055,19.9497,idle,5.8996,5.0909,5.8501,5.0482,5.0653,0.4,
235462,RUNNING,5.8603,5.4666,-8.55,-6.6417,-20.67,0,0.0,32,1,0,-6.6417,-6.6417,0,11.2629,19.9497,idle,5.8996,5.5033,5.834,5.4422,5.4666,0.4,
235564,RUNNING,5.8613,5.6684,-8.4375,-6.9534,99.33,0,0.0,31,1,0,-6.9534,-6.9534,0,11.0872,19.9497,idle,5.8996,5.7054,5.8357,5.6437,5.6684,0.4,
235665,RUNNING,5.8742,5.7795,-6.8625,-7.184,-29.15,0,0.0,32,1,0,-7.184,-7.184,0,12.4934,19.9497,idle,5.8996,5.8045,5.8573,5.7629,5.7795,0.4,
235766,RUNNING,5.0539,5.5668,-6.975,-6.9823,0.0,0,0.0,32,1,0,-6.9823,-6.9823,0,12.3176,19.9497,idle,5.0764,5.5916,5.0388,5.5502,5.5668,0.4,
235868,RUNNING,4.2367,4.8899,-6.525,-6.2482,171.84,0,0.0,32,1,0,-6.2482,-6.2482,0,12.7571,19.9497,idle,4.2532,4.909,4.2256,4.8772,4.8899,0.4,
235969,RUNNING,3.6988,4.1316,-4.05,-0.7251,291.84,0,0.0,11,1,0,-0.7251,-0.7251,0,15.3059,19.9497,idle,3.7044,4.1378,3.6951,4.1274,4.1316,0.4,
236070,RUNNING,3.7005,4.1334,-3.375,-5.4,-308.16,0,0.0,112,1,2,-5.4,-5.4,0,16.4485,19.9497,idle,3.7044,4.1378,3.698,4.1306,4.1334,0.4,
236172,RUNNING,3.6924,4.1243,-5.9625,-5.4256,103.88,0,0.0,214,1,4,-5.4256,-5.4256,0,13.5481,19.9497,idle,3.7044,4.1378,3.6844,4.1154,4.1243,0.4,
236273,RUNNING,2.0738,3.2514,-3.7125,-4.5219,168.85,0,0.0,31,1,0,-4.5219,-4.5219,0,15.4817,19.9497,idle,2.0764,3.2555,2.072,3.2486,3.2514,0.4,
236376,RUNNING,0.8228,2.1043,-2.25,-3.2155,48.85,0,0.0,32,1,0,-3.2155,-3.2155,0,16.9758,19.9497,idle,0.8232,2.1053,0.8226,2.1037,2.1043,0.4,
236477,RUNNING,0.8223,2.103,-3.4875,-3.2093,7.96,0,0.0,134,1,2,-3.2093,-3.2093,0,16.2727,19.9497,idle,0.8232,2.1053,0.8217,2.1014,2.103,0.4,
236577,RUNNING,0.8223,2.1031,-3.375,-3.2346,0.0,0,0.0,234,1,5,-3.2346,-3.2346,0,16.1848,19.9497,idle,0.8232,2.1053,0.8218,2.1017,2.1031,0.4,
236677,RUNNING,0.8223,2.1031,-3.375,-3.246,0.0,0,0.0,334,0,7,-3.246,-3.246,0,16.1848,19.9497,idle,0.8232,2.1053,0.8218,2.1017,2.1031,0.4,
236777,RUNNING,-1.3712,0.4258,-2.5875,18.122,360.0,0,0.0,10,1,0,18.122,18.122,0,16.6243,19.9497,idle,-1.372,0.426,-1.3706,0.4256,0.4258,0.4,
236878,RUNNING,-3.2742,-1.2306,0.9,0.5021,240.0,0,0.0,31,1,0,0.5021,0.5021,0,20.1399,19.9497,idle,-3.2744,-1.2307,-3.274,-1.2305,-1.2306,0.4,
236980,RUNNING,-3.0842,-1.9883,3.15,1.3558,120.0,0,0.0,31,1,0,1.3558,1.3558,0,22.5129,19.9497,idle,-3.087,-1.9901,-3.0823,-1.9871,-1.9883,0.4,
237081,RUNNING,-3.9043,-2.9793,4.05,2.4883,0.0,0,0.0,31,1,0,2.4883,2.4883,0,23.4797,19.9497,idle,-3.9102,-2.9838,-3.9004,-2.9763,-2.9793,0.4,
237181,RUNNING,-3.3917,-3.2836,3.6,2.8645,-120.0,0,0.0,31,1,0,2.8645,2.8645,0,23.304,19.9497,idle,-3.3957,-3.2875,-3.389,-3.281,-3.2836,0.4,
237282,RUNNING,-3.0866,-3.1848,1.2375,2.7821,10.53,0,0.0,31,1,0,2.7821,2.7821,0,21.0188,19.9497,idle,-3.087,-3.1852,-3.0863,-3.1845,-3.1848,0.4,
237383,RUNNING,-3.0844,-3.1325,3.0375,2.7192,36.08,0,0.0,31,1,0,2.7192,2.7192,0,22.5129,19.9497,idle,-3.087,-3.1351,-3.0827,-3.1307,-3.1325,0.4,
237486,RUNNING,-3.0854,-3.109,2.3625,2.7321,120.0,0,0.0,32,1,0,2.7321,2.7321,0,22.0735,19.9497,idle,-3.087,-3.1106,-3.0844,-3.1079,-3.109,0.4,
237587,RUNNING,-2.9484,-3.0237,2.25,2.6642,0.0,0,0.0,22,1,0,2.6642,2.6642,0,22.1614,19.9497,idle,-2.9498,-3.0251,-2.9475,-3.0228,-3.0237,0.4,
237687,RUNNING,-2.9482,-3.0008,2.475,2.6513,0.0,0,0.0,73,1,1,2.6513,2.6513,0,22.1614,19.9497,idle,-2.9498,-3.0025,-2.947,-2.9997,-3.0008,0.4,
237788,RUNNING,-2.9482,-3.0008,2.475,2.6716,0.0,0,0.0,173,1,3,2.6716,2.6716,0,22.1614,19.9497,idle,-2.9498,-3.0025,-2.947,-2.9997,-3.0008,0.4,
237888,RUNNING,-2.9482,-3.0008,2.475,2.6918,0.0,0,0.0,273,1,5,2.6918,2.6918,0,22.1614,19.9497,idle,-2.9498,-3.0025,-2.947,-2.9997,-3.0008,0.4,
237988,RUNNING,-2.9482,-3.0008,2.475,2.6999,0.0,0,0.0,373,0,8,2.6999,2.6999,0,22.1614,19.9497,idle,-2.9498,-3.0025,-2.947,-2.9997,-3.0008,0.4,
238088,RUNNING,-2.9482,-3.0008,2.475,2.6999,0.0,0,0.0,474,0,10,2.6999,2.6999,0,22.1614,19.9497,idle,-2.9498,-3.0025,-2.947,-2.9997,-3.0008,0.4,
238188,RUNNING,-2.9482,-3.0008,2.475,2.6999,0.0,0,0.0,574,0,12,2.6999,2.6999,0,22.1614,19.9497,idle,-2.9498,-3.0025,-2.947,-2.9997,-3.0008,0.4,
238288,RUNNING,-3.7705,-3.2315,2.7,2.9595,166.36,0,0.0,34,1,0,2.9595,2.9595,0,22.2493,19.9497,idle,-3.773,-3.2337,-3.7688,-3.2301,-3.2315,0.4,
238390,RUNNING,-2.2705,-2.9143,3.4875,2.6426,-193.64,0,0.0,21,1,0,2.6426,2.6426,0,23.304,19.9497,idle,-2.273,-2.9175,-2.2688,-2.9121,-2.9143,0.4,
238491,RUNNING,-1.7928,-2.1297,0.5625,1.7723,-230.61,0,0.0,31,1,0,1.7723,1.7723,0,20.5793,19.9497,idle,-1.7928,-2.1298,-1.7927,-2.1296,-2.1297,0.4,
238593,RUNNING,-0.7725,-1.4369,-2.5875,0.9874,-110.61,0,0.0,52,1,0,0.9874,0.9874,0,17.2395,19.9497,idle,-0.773,-1.4378,-0.7722,-1.4363,-1.4369,0.4,
238694,RUNNING,-0.7729,-1.4376,-1.2375,1.015,489.39,0,0.0,154,1,3,1.015,1.015,0,17.8547,19.9497,idle,-0.773,-1.4378,-0.7728,-1.4375,-1.4376,0.4,
238795,RUNNING,-0.7728,-1.4374,1.6875,1.016,-110.61,0,0.0,255,1,5,1.016,1.016,0,21.2825,19.9497,idle,-0.773,-1.4378,-0.7727,-1.4372,-1.4374,0.4,
238897,RUNNING,-0.7729,-1.4377,1.0125,1.0241,22.84,0,0.0,358,0,7,1.0241,1.0241,0,20.4036,19.9497,idle,-0.773,-1.4378,-0.7729,-1.4376,-1.4377,0.4,
238998,RUNNING,2.2269,0.4312,0.7875,-18.9,-217.16,0,0.0,11,1,0,-20.5569,-18.9,1,20.5793,19.9497,idle,2.227,0.4312,2.2268,0.4312,0.4312,0.4,
239099,RUNNING,2.2623,0.9804,-2.7,-1.6951,-97.16,0,0.0,70,1,1,-1.6951,-1.6951,0,17.0637,19.9497,idle,2.2638,0.981,2.2613,0.9799,0.9804,0.4,
239201,RUNNING,3.7425,1.8089,-2.925,-2.6508,171.03,0,0.0,73,1,1,-2.6508,-2.6508,0,16.4485,19.9497,idle,3.7454,1.8103,3.7405,1.808,1.8089,0.4,
239302,RUNNING,4.5293,3.3413,-3.4875,-4.3484,-303.03,0,0.0,32,1,0,-4.3484,-4.3484,0,16.4485,19.9497,idle,4.5343,3.345,4.5259,3.3388,3.3413,0.4,
239404,RUNNING,5.2153,3.9009,-4.95,-5.0099,0.0,0,0.0,31,1,0,-5.0099,-5.0099,0,14.7786,19.9497,idle,5.227,3.9096,5.2075,3.895,3.9009,0.4,
239504,RUNNING,5.7331,4.7266,-6.1875,-5.9154,-178.15,0,0.0,32,1,0,-5.9154,-5.9154,0,13.5481,19.9497,idle,5.7532,4.7432,5.7197,4.7156,4.7266,0.4,
239605,RUNNING,6.4471,5.5922,-7.7625,-6.924,-58.15,0,0.0,32,1,0,-6.924,-6.924,0,11.9661,19.9497,idle,6.4827,5.6231,6.4233,5.5716,5.5922,0.4,
239708,RUNNING,6.4557,5.5998,-6.75,-7.0768,-19.72,0,0.0,134,1,2,-7.0768,-7.0768,0,12.5813,19.9497,idle,6.4827,5.6231,6.4378,5.5842,5.5998,0.4,
239809,RUNNING,6.4548,5.599,-6.8625,-7.0737,0.0,0,0.0,236,1,4,-7.0737,-7.0737,0,12.5813,19.9497,idle,6.4827,5.6231,6.4363,5.5829,5.599,0.4,
239909,RUNNING,6.4481,5.8496,-7.65,-7.3488,75.44,0,0.0,71,1,1,-7.3488,-7.3488,0,12.054,19.9497,idle,6.4827,5.881,6.425,5.8287,5.8496,0.4,
240011,RUNNING,6.4491,5.8505,-7.5375,-7.4353,0.0,0,0.0,173,1,3,-7.4353,-7.4353,0,11.9661,19.9497,idle,6.4827,5.881,6.4267,5.8302,5.8505,0.4,
240111,RUNNING,6.4491,5.8505,-7.5375,-7.4748,0.0,0,0.0,273,1,5,-7.4748,-7.4748,0,11.9661,19.9497,idle,6.4827,5.881,6.4267,5.8302,5.8505,0.4,
240211,RUNNING,6.4491,5.8505,-7.5375,-7.4985,0.0,0,0.0,373,0,7,-7.4985,-7.4985,0,11.9661,19.9497,idle,6.4827,5.881,6.4267,5.8302,5.8505,0.4,
240311,RUNNING,3.8539,4.9174,-6.3,-6.5608,179.67,0,0.0,32,1,0,-6.5608,-6.5608,0,12.845,19.9497,idle,3.8679,4.9353,3.8446,4.9054,4.9174,0.4,
240412,RUNNING,1.78,3.4992,-4.725,-4.9352,59.67,0,0.0,31,1,0,-4.9352,-4.9352,0,14.6028,19.9497,idle,1.7836,3.5063,1.7775,3.4944,3.4992,0.4,
240513,RUNNING,1.3019,2.4305,-3.4875,-3.7545,157.48,0,0.0,30,1,0,-3.7545,-3.7545,0,15.7454,19.9497,idle,1.3034,2.4332,1.301,2.4287,2.4305,0.4,
240614,RUNNING,1.3017,2.43,-3.825,-3.7273,-38.17,0,0.0,132,1,2,-3.7273,-3.7273,0,15.9211,19.9497,idle,1.3034,2.4332,1.3005,2.4278,2.43,0.4,
240715,RUNNING,0.6851,1.9067,-3.7125,-3.1751,239.43,0,0.0,32,1,0,-3.1751,-3.1751,0,15.7454,19.9497,idle,0.686,1.9091,0.6846,1.9051,1.9067,0.4,
240818,RUNNING,-1.4142,0.026,-0.45,14.566,359.43,0,0.0,12,1,0,14.566,14.566,0,18.9973,19.9497,idle,-1.4143,0.026,-1.4142,0.026,0.026,0.4,
240919,RUNNING,-1.4141,0.026,1.125,-1.0572,-240.57,0,0.0,113,1,2,-1.0572,-1.0572,0,20.843,19.9497,idle,-1.4143,0.026,-1.414,0.026,0.026,0.4,
241020,RUNNING,-1.4139,0.026,-1.575,-1.0573,62.05,0,0.0,214,1,4,-1.0573,-1.0573,0,18.2063,19.9497,idle,-1.4143,0.026,-1.4137,0.026,0.026,0.4,
241122,RUNNING,-2.5379,-1.602,1.125,10.9315,422.05,0,0.0,11,1,0,10.9315,10.9315,0,20.4036,19.9497,idle,-2.5382,-1.6022,-2.5377,-1.6019,-1.602,0.4,
241223,RUNNING,-4.402,-3.0085,5.5125,2.3099,302.05,0,0.0,30,1,0,2.3099,2.3099,0,24.6223,19.9497,idle,-4.4143,-3.0169,-4.3938,-3.003,-3.0085,0.4,
241326,RUNNING,-5.3909,-4.1594,8.4375,3.5948,182.05,0,0.0,32,1,0,3.5948,3.5948,0,27.7864,19.9497,idle,-5.4261,-4.1866,-5.3674,-4.1413,-4.1594,0.4,
241427,RUNNING,-5.6581,-5.0658,11.5875,4.6621,62.05,0,0.0,21,1,0,4.6621,4.6621,0,31.1262,19.9497,idle,-5.7281,-5.1285,-5.6114,-5.024,-5.0658,0.4,
241528,RUNNING,-6.7265,-5.734,10.2375,5.6667,-297.95,0,0.0,30,1,0,5.6667,5.6667,0,30.3352,19.9497,idle,-6.7914,-5.7893,-6.6833,-5.6972,-5.734,0.4,
241630,RUNNING,-8.1155,-6.7931,6.3,6.9416,-177.95,0,0.0,31,1,0,6.9416,6.9416,0,26.468,19.9497,idle,-8.145,-6.8178,-8.0958,-6.7767,-6.7931,0.4,
241731,RUNNING,-8.5198,-7.6579,6.8625,7.6666,292.87,0,0.0,31,1,0,7.6666,7.6666,0,26.3801,19.9497,idle,-8.5566,-7.6909,-8.4953,-7.6358,-7.6579,0.4,
241832,RUNNING,-8.9081,-8.2607,9.7875,8.2856,172.87,0,0.0,30,1,0,8.2856,8.2856,0,29.1047,19.9497,idle,-8.9866,-8.3334,-8.8558,-8.2121,-8.2607,0.4,
241934,RUNNING,-10.1036,-9.0999,11.25,9.3237,52.87,0,0.0,31,1,0,9.3237,9.3237,0,30.6868,19.9497,idle,-10.2214,-9.206,-10.025,-9.0291,-9.0999,0.4,
242035,RUNNING,-11.0165,-10.0774,11.25,10.64,-67.13,0,0.0,31,1,0,10.64,10.64,0,30.9504,19.9497,idle,-11.145,-10.1949,-10.9309,-9.999,-10.0774,0.4,
242139,RUNNING,-11.3641,-10.7286,11.025,11.3196,177.27,0,0.0,33,1,0,11.3196,11.3196,0,30.5989,19.9497,idle,-11.4914,-10.8487,-11.2793,-10.6485,-10.7286,0.4,
242241,RUNNING,-11.9062,-11.4041,14.625,11.6591,297.27,0,0.0,22,1,0,11.6591,11.6591,0,34.0266,19.9497,idle,-12.1422,-11.6302,-11.7488,-11.2534,-11.4041,0.4,
242343,RUNNING,-13.6703,-12.1474,17.55,12.576,177.27,0,0.0,30,1,0,12.576,12.576,0,37.1028,19.9497,idle,-14.063,-12.4964,-13.4084,-11.9147,-12.1474,0.4,
242446,RUNNING,-13.5973,-12.8551,19.125,13.7324,57.27,0,0.0,31,1,0,13.7324,13.7324,0,38.5969,19.9497,idle,-14.063,-13.2954,-13.2868,-12.5615,-12.8551,0.4,
242548,RUNNING,-13.6081,-13.2441,18.9,15.0449,-302.73,0,0.0,31,1,0,15.0449,15.0449,0,38.9485,19.9497,idle,-14.063,-13.6869,-13.3048,-12.9489,-13.2441,0.4,
242652,RUNNING,-13.7596,-13.5792,15.4125,15.5589,-66.72,0,0.0,31,1,0,15.5589,15.5589,0,35.4329,19.9497,idle,-14.063,-13.8787,-13.5573,-13.3796,-13.5792,0.4,
242755,RUNNING,-12.8034,-13.1361,13.95,11.2904,-186.72,0,0.0,10,1,0,11.2904,11.2904,0,33.9387,19.9497,idle,-13.034,-13.3727,-12.6496,-12.9783,-13.1361,0.4,
242857,RUNNING,-12.5141,-12.9145,12.375,14.8832,-66.72,0,0.0,30,1,0,14.8832,14.8832,0,32.4446,19.9497,idle,-12.691,-13.0971,-12.3961,-12.7928,-12.9145,0.4,
242960,RUNNING,-12.8034,-12.8337,13.95,14.0781,81.91,0,0.0,31,1,0,14.0781,14.0781,0,33.4993,19.9497,idle,-13.034,-13.0649,-12.6496,-12.6796,-12.8337,0.4,
243061,RUNNING,-12.7845,-12.8148,14.5125,14.6037,0.0,0,0.0,132,1,2,14.6037,14.6037,0,34.2903,19.9497,idle,-13.034,-13.0649,-12.6181,-12.648,-12.8148,0.4,
243163,RUNNING,-12.7845,-12.8148,14.5125,14.6902,0.0,0,0.0,233,1,4,14.6902,14.6902,0,34.2903,19.9497,idle,-13.034,-13.0649,-12.6181,-12.648,-12.8148,0.4,
243263,RUNNING,-12.7728,-12.8031,14.85,14.6641,0.0,0,0.0,334,1,6,14.6641,14.6641,0,34.554,19.9497,idle,-13.034,-13.0649,-12.5987,-12.6285,-12.8031,0.4,
243363,RUNNING,-12.7728,-12.8031,14.85,14.6641,0.0,0,0.0,434,0,9,14.6641,14.6641,0,34.554,19.9497,idle,-13.034,-13.0649,-12.5987,-12.6285,-12.8031,0.4,
243463,RUNNING,-12.7728,-12.8031,14.85,14.6641,0.0,0,0.0,535,0,11,14.6641,14.6641,0,34.6418,19.9497,idle,-13.034,-13.0649,-12.5987,-12.6285,-12.8031,0.4,
243563,RUNNING,-12.7728,-12.8031,14.85,14.6641,0.0,0,0.0,635,0,13,14.6641,14.6641,0,34.554,19.9497,idle,-13.034,-13.0649,-12.5987,-12.6285,-12.8031,0.4,
243663,RUNNING,-12.7728,-12.8031,14.85,14.6641,0.0,0,0.0,735,0,15,14.6641,14.6641,0,34.6418,19.9497,idle,-13.034,-13.0649,-12.5987,-12.6285,-12.8031,0.4,
243764,RUNNING,-12.7728,-12.8031,14.85,14.6641,0.0,0,0.0,836,0,17,14.6641,14.6641,0,34.6418,19.9497,idle,-13.034,-13.0649,-12.5987,-12.6285,-12.8031,0.4,
243864,RUNNING,-12.7728,-12.8031,14.85,14.6641,0.0,0,0.0,936,0,17,14.6641,14.6641,0,34.554,19.9497,idle,-13.034,-13.0649,-12.5987,-12.6285,-12.8031,0.4,
243965,RUNNING,-9.8731,-11.3345,13.275,13.7423,-240.0,0,0.0,31,1,0,13.7423,13.7423,0,33.5872,19.9497,idle,-10.034,-11.5191,-9.7659,-11.2113,-11.3345,0.4,
244068,RUNNING,-9.8758,-11.3376,13.1625,12.8713,112.64,0,0.0,134,1,2,12.8713,12.8713,0,32.6204,19.9497,idle,-10.034,-11.5191,-9.7704,-11.2165,-11.3376,0.4,
244170,RUNNING,-9.8704,-10.8931,13.3875,1.5784,-7.36,0,0.0,12,1,0,1.5784,1.5784,0,33.0598,19.9497,idle,-10.034,-11.0736,-9.7613,-10.7727,-10.8931,0.4,
244273,RUNNING,-6.9496,-9.2165,11.475,11.3526,-171.71,0,0.0,31,1,0,11.3526,11.3526,0,31.5657,19.9497,idle,-7.034,-9.3284,-6.8934,-9.1419,-9.2165,0.4,
244374,RUNNING,-5.4931,-7.3165,9.0,-10.6965,-291.71,0,0.0,11,1,0,-10.6965,-10.6965,0,29.0168,19.9497,idle,-5.534,-7.371,-5.4659,-7.2802,-7.3165,0.4,
244475,RUNNING,-4.0199,-5.6493,6.1875,7.2101,-171.71,0,0.0,30,1,0,7.2101,7.2101,0,26.3801,19.9497,idle,-4.034,-5.6691,-4.0105,-5.6361,-5.6493,0.4,
244577,RUNNING,-4.0258,-4.8254,4.725,6.2394,-51.71,0,0.0,32,1,0,6.2394,6.2394,0,24.7102,19.9497,idle,-4.034,-4.8352,-4.0203,-4.8188,-4.8254,0.4,
244678,RUNNING,-4.0237,-4.5831,5.2875,5.9129,258.28,0,0.0,73,1,1,5.9129,5.9129,0,24.6223,19.9497,idle,-4.034,-4.5948,-4.0168,-4.5753,-4.5831,0.4,
244780,RUNNING,-4.0199,-4.5788,6.1875,5.9873,0.0,0,0.0,174,1,3,5.9873,5.9873,0,25.9407,19.9497,idle,-4.034,-4.5948,-4.0105,-4.5681,-4.5788,0.4,
244880,RUNNING,-4.0199,-4.5788,6.1875,6.0182,0.0,0,0.0,274,1,5,6.0182,6.0182,0,25.9407,19.9497,idle,-4.034,-4.5948,-4.0105,-4.5681,-4.5788,0.4,
244980,RUNNING,-4.0199,-4.5788,6.1875,6.0368,0.0,0,0.0,374,0,7,6.0368,6.0368,0,25.9407,19.9497,idle,-4.034,-4.5948,-4.0105,-4.5681,-4.5788,0.4,
245080,RUNNING,-4.0199,-4.5788,6.1875,6.0368,0.0,0,0.0,475,0,10,6.0368,6.0368,0,25.9407,19.9497,idle,-4.034,-4.5948,-4.0105,-4.5681,-4.5788,0.4,
245180,RUNNING,-4.0199,-4.5788,6.1875,6.0368,0.0,0,0.0,575,0,11,6.0368,6.0368,0,25.9407,19.9497,idle,-4.034,-4.5948,-4.0105,-4.5681,-4.5788,0.4,
245280,RUNNING,-1.0304,-3.5143,6.1875,-18.9,-120.0,0,0.0,13,1,0,-22.1018,-18.9,1,25.9407,19.9497,idle,-1.034,-3.5266,-1.028,-3.506,-3.5143,0.4,
245383,RUNNING,-1.033,-2.2532,3.2625,3.4735,-240.0,0,0.0,33,1,0,3.4735,3.4735,0,23.3918,19.9497,idle,-1.034,-2.2554,-1.0323,-2.2517,-2.2532,0.4,
245484,RUNNING,1.966,0.2976,-0.1125,-17.5207,-360.0,0,0.0,11,1,0,-17.5207,-17.5207,0,19.8762,19.9497,idle,1.966,0.2976,1.966,0.2976,0.2976,0.4,
245585,RUNNING,1.9637,1.1471,-3.6,-0.3695,-240.0,0,0.0,30,1,0,-0.3695,-0.3695,0,16.3606,19.9497,idle,1.966,1.1485,1.9621,1.1462,1.1471,0.4,
245687,RUNNING,1.9608,1.5612,-5.4,-0.8583,120.0,0,0.0,31,1,0,-0.8583,-0.8583,0,14.0754,19.9497,idle,1.966,1.5654,1.9573,1.5585,1.5612,0.4,
245787,RUNNING,2.468,1.9195,-2.7,-1.2881,363.89,0,0.0,32,1,0,-1.2881,-1.2881,0,16.5364,19.9497,idle,2.4696,1.9208,2.4669,1.9187,1.9195,0.4,
245889,RUNNING,2.4693,2.0852,-1.125,-1.4712,-192.17,0,0.0,72,1,1,-1.4712,-1.4712,0,18.6458,19.9497,idle,2.4696,2.0854,2.4691,2.085,2.0852,0.4,
245990,RUNNING,2.469,2.0849,-1.6875,-1.4871,0.0,0,0.0,174,1,3,-1.4871,-1.4871,0,17.8547,19.9497,idle,2.4696,2.0854,2.4685,2.0845,2.0849,0.4,
246090,RUNNING,2.1601,2.1231,-2.025,-1.5444,120.0,0,0.0,33,1,0,-1.5444,-1.5444,0,17.5911,19.9497,idle,2.1609,2.1239,2.1595,2.1226,2.1231,0.4,
246193,RUNNING,1.1318,1.5225,0.9,-0.8771,240.0,0,0.0,21,1,0,-0.8771,-0.8771,0,20.1399,19.9497,idle,1.1319,1.5226,1.1318,1.5224,1.5225,0.4,
246294,RUNNING,0.112,0.9733,3.15,-0.2631,120.0,0,0.0,31,1,0,-0.2631,-0.2631,0,22.5129,19.9497,idle,0.1121,0.9742,0.1119,0.9727,0.9733,0.4,
246395,RUNNING,-0.5296,0.3125,4.05,0.4703,0.0,0,0.0,30,1,0,0.4703,0.4703,0,23.5676,19.9497,idle,-0.5304,0.313,-0.5291,0.3122,0.3125,0.4,
246496,RUNNING,-0.5298,-0.1494,3.6,0.9889,-120.0,0,0.0,32,1,0,0.9889,0.9889,0,23.304,19.9497,idle,-0.5304,-0.1496,-0.5294,-0.1493,-0.1494,0.4,
246596,RUNNING,-1.8669,-1.0801,2.7,10.5771,0.0,0,0.0,11,1,0,10.5771,10.5771,0,22.6887,19.9497,idle,-1.8681,-1.0808,-1.866,-1.0796,-1.0801,0.4,
246696,RUNNING,-2.2623,-1.6432,2.7,2.6787,0.0,0,0.0,30,1,0,2.6787,2.6787,0,22.3372,19.9497,idle,-2.2638,-1.6443,-2.2613,-1.6424,-1.6432,0.4,
246797,RUNNING,-3.3569,-2.4461,3.825,3.5782,155.03,0,0.0,31,1,0,3.5782,3.5782,0,23.2161,19.9497,idle,-3.3614,-2.4494,-3.3539,-2.4439,-2.4461,0.4,
246898,RUNNING,-3.7657,-2.8409,4.6125,4.0776,-204.97,0,0.0,72,1,1,4.0776,4.0776,0,24.4465,19.9497,idle,-3.773,-2.8465,-3.7608,-2.8372,-2.8409,0.4,
247001,RUNNING,-3.7677,-2.8424,3.9375,4.0845,0.0,0,0.0,174,1,3,4.0845,4.0845,0,23.6555,19.9497,idle,-3.773,-2.8465,-3.7641,-2.8397,-2.8424,0.4,
247101,RUNNING,-3.7677,-2.8424,3.9375,4.1037,0.0,0,0.0,274,1,5,4.1037,4.1037,0,23.6555,19.9497,idle,-3.773,-2.8465,-3.7641,-2.8397,-2.8424,0.4,
247201,RUNNING,-3.7677,-2.8424,3.9375,4.1114,0.0,0,0.0,374,0,8,4.1114,4.1114,0,23.6555,19.9497,idle,-3.773,-2.8465,-3.7641,-2.8397,-2.8424,0.4,
247303,RUNNING,-1.3692,-2.5496,4.725,-8.9954,-161.01,0,0.0,12,1,0,-8.9954,-8.9954,0,24.3586,19.9497,idle,-1.372,-2.5548,-1.3673,-2.5461,-2.5496,0.4,
247404,RUNNING,-1.3031,-1.9233,1.6875,3.1268,-245.01,0,0.0,31,1,0,3.1268,3.1268,0,21.8098,19.9497,idle,-1.3034,-1.9238,-1.3028,-1.923,-1.9233,0.4,
247505,RUNNING,-1.3034,-1.6146,-0.5625,2.7755,-108.35,0,0.0,31,1,0,2.7755,2.7755,0,19.4368,19.9497,idle,-1.3034,-1.6146,-1.3033,-1.6145,-1.6146,0.4,
247607,RUNNING,-0.2058,-0.9896,-1.125,2.0814,11.65,0,0.0,31,1,0,2.0814,2.0814,0,18.6458,19.9497,idle,-0.2058,-0.9898,-0.2058,-0.9896,-0.9896,0.4,
247708,RUNNING,-0.2058,-0.7051,1.0125,1.7661,283.53,0,0.0,32,1,0,1.7661,1.7661,0,20.2278,19.9497,idle,-0.2058,-0.7052,-0.2058,-0.7051,-0.7051,0.4,
247811,RUNNING,0.1372,-0.3043,1.6875,1.321,-197.71,0,0.0,32,1,0,1.321,1.321,0,21.634,19.9497,idle,0.1372,-0.3044,0.1371,-0.3043,-0.3043,0.4,
247912,RUNNING,1.6617,0.7513,-2.025,0.1344,-317.71,0,0.0,22,1,0,0.1344,0.1344,0,18.0305,19.9497,idle,1.6623,0.7516,1.6613,0.7511,0.7513,0.4,
248013,RUNNING,2.2399,1.3947,-5.175,-0.5809,-197.71,0,0.0,32,1,0,-0.5809,-0.5809,0,14.7786,19.9497,idle,2.2454,1.3982,2.2362,1.3925,1.3947,0.4,
248115,RUNNING,3.1233,2.2032,-6.975,-1.4932,-77.71,0,0.0,32,1,0,-1.4932,-1.4932,0,12.845,19.9497,idle,3.1372,2.213,3.114,2.1967,2.2032,0.4,
248217,RUNNING,3.8234,2.9002,-7.2,-2.3151,42.29,0,0.0,33,1,0,-2.3151,-2.3151,0,12.4055,19.9497,idle,3.8416,2.914,3.8113,2.891,2.9002,0.4,
248318,RUNNING,4.092,3.6821,-7.9875,-3.2142,120.0,0,0.0,21,1,0,-3.2142,-3.2142,0,11.6145,19.9497,idle,4.116,3.7037,4.0761,3.6678,3.6821,0.4,
248419,RUNNING,4.1088,3.6972,-4.3875,-3.3561,345.93,0,0.0,122,1,2,-3.3561,-3.3561,0,14.6028,19.9497,idle,4.116,3.7037,4.1039,3.6928,3.6972,0.4,
248520,RUNNING,4.1125,3.7006,-3.0375,-3.2888,-163.72,0,0.0,223,1,4,-3.2888,-3.2888,0,16.7122,19.9497,idle,4.116,3.7037,4.1102,3.6985,3.7006,0.4,
248624,RUNNING,4.1114,3.6996,-3.4875,-3.3239,0.0,0,0.0,326,1,6,-3.3239,-3.3239,0,16.0969,19.9497,idle,4.116,3.7037,4.1084,3.6968,3.6996,0.4,
248724,RUNNING,4.4527,4.0831,-3.9375,-3.7657,0.0,0,0.0,21,1,0,-3.7657,-3.7657,0,15.8333,19.9497,idle,4.459,4.0889,4.4485,4.0792,4.0831,0.4,
248824,RUNNING,5.035,4.2305,-3.9375,-3.9584,0.0,0,0.0,32,1,0,-3.9584,-3.9584,0,15.8333,19.9497,idle,5.0421,4.2365,5.0302,4.2265,4.2305,0.4,
248925,RUNNING,5.0675,4.7727,-4.3875,-7.814,-120.0,0,0.0,13,1,0,-7.814,-7.814,0,15.218,19.9497,idle,5.0764,4.7811,5.0615,4.7671,4.7727,0.4,
249025,RUNNING,4.9956,4.8919,-5.175,-4.7574,0.0,0,0.0,31,1,0,-4.7574,-4.7574,0,14.6028,19.9497,idle,5.0078,4.9039,4.9874,4.8839,4.8919,0.4,
249125,RUNNING,4.5222,4.7568,-3.6,-4.7118,120.0,0,0.0,32,1,0,-4.7118,-4.7118,0,15.7454,19.9497,idle,4.5276,4.7624,4.5187,4.753,4.7568,0.4,
249227,RUNNING,3.7703,4.3411,-2.8125,-4.2398,0.0,0,0.0,32,1,0,-4.2398,-4.2398,0,16.5364,19.9497,idle,3.773,4.3442,3.7685,4.339,4.3411,0.4,
249327,RUNNING,3.7691,4.1206,-3.375,-4.0,-120.0,0,0.0,32,1,0,-4.0,-4.0,0,16.2727,19.9497,idle,3.773,4.1249,3.7665,4.1178,4.1206,0.4,
249427,RUNNING,2.6039,3.5155,-3.4875,6.5364,120.0,0,0.0,11,1,0,6.5364,6.5364,0,16.0969,19.9497,idle,2.6068,3.5194,2.602,3.5128,3.5155,0.4,
249528,RUNNING,2.0566,2.8874,-2.7,-2.6755,0.0,0,0.0,31,1,0,-2.6755,-2.6755,0,16.6243,19.9497,idle,2.058,2.8893,2.0557,2.8861,2.8874,0.4,
249628,RUNNING,1.5269,2.2332,-2.25,-1.9533,177.9,0,0.0,32,1,0,-1.9533,-1.9533,0,17.0637,19.9497,idle,1.5276,2.2342,1.5264,2.2325,2.2332,0.4,
249731,RUNNING,0.7044,1.3114,0.3375,5.6633,297.9,0,0.0,11,1,0,5.6633,5.6633,0,19.7004,19.9497,idle,0.7044,1.3114,0.7044,1.3114,1.3114,0.4,
249831,RUNNING,-0.3928,0.5242,3.15,-0.0381,177.9,0,0.0,30,1,0,-0.0381,-0.0381,0,22.5129,19.9497,idle,-0.3932,0.5246,-0.3926,0.5238,0.5242,0.4,
249932,RUNNING,-0.5477,-0.0228,4.725,0.5719,57.9,0,0.0,31,1,0,0.5719,0.5719,0,24.1829,19.9497,idle,-0.5488,-0.0228,-0.5469,-0.0227,-0.0228,0.4,
250034,RUNNING,-1.2319,-0.5781,5.0625,1.1977,-62.1,0,0.0,31,1,0,1.1977,1.1977,0,24.6223,19.9497,idle,-1.2348,-0.5794,-1.23,-0.5772,-0.5781,0.4,
250135,RUNNING,-1.4704,-1.0335,3.825,1.7216,-182.1,0,0.0,31,1,0,1.7216,1.7216,0,23.6555,19.9497,idle,-1.4724,-1.0349,-1.4691,-1.0325,-1.0335,0.4,
250236,RUNNING,-1.2346,-1.1366,1.4625,1.8437,-5.81,0,0.0,30,1,0,1.8437,1.8437,0,21.2825,19.9497,idle,-1.2348,-1.1368,-1.2344,-1.1365,-1.1366,0.4,
250338,RUNNING,-0.8917,-1.0117,1.35,1.709,0.0,0,0.0,32,1,0,1.709,1.709,0,21.1946,19.9497,idle,-0.8918,-1.0119,-0.8916,-1.0116,-1.0117,0.4,
250438,RUNNING,-2.1249,-1.4737,2.925,9.2951,284.99,0,0.0,11,1,0,9.2951,9.2951,0,22.425,19.9497,idle,-2.1266,-1.4749,-2.1238,-1.4729,-1.4737,0.4,
250540,RUNNING,-1.3686,-1.577,5.175,2.3582,-75.01,0,0.0,30,1,0,2.3582,2.3582,0,24.7981,19.9497,idle,-1.372,-1.5809,-1.3664,-1.5744,-1.577,0.4,
250641,RUNNING,-1.3715,-1.4594,2.025,2.2575,-309.76,0,0.0,31,1,0,2.2575,2.2575,0,22.2493,19.9497,idle,-1.372,-1.4599,-1.3711,-1.459,-1.4594,0.4,
250742,RUNNING,-2.1264,-1.6413,1.125,2.4526,290.24,0,0.0,31,1,0,2.4526,2.4526,0,20.5793,19.9497,idle,-2.1266,-1.6415,-2.1262,-1.6412,-1.6413,0.4,
250845,RUNNING,-3.2861,-2.2342,4.725,3.0953,263.2,0,0.0,32,1,0,3.0953,3.0953,0,24.0071,19.9497,idle,-3.2928,-2.2387,-3.2816,-2.2311,-2.2342,0.4,
250947,RUNNING,-1.297,-2.151,7.3125,-6.2155,-96.8,0,0.0,11,1,0,-6.2155,-6.2155,0,26.9954,19.9497,idle,-1.3034,-2.1616,-1.2928,-2.144,-2.151,0.4,
251048,RUNNING,-1.3019,-1.7219,3.6,2.634,-456.8,0,0.0,30,1,0,2.634,2.634,0,23.9192,19.9497,idle,-1.3034,-1.7239,-1.3008,-1.7205,-1.7219,0.4,
251150,RUNNING,0.4802,-0.7621,-1.0125,1.5144,-336.8,0,0.0,31,1,0,1.5144,1.5144,0,19.0852,19.9497,idle,0.4802,-0.7621,0.4801,-0.762,-0.7621,0.4,
251251,RUNNING,0.48,-0.7618,-2.25,1.5229,263.2,0,0.0,132,1,2,1.5229,1.5229,0,17.1516,19.9497,idle,0.4802,-0.7621,0.4798,-0.7616,-0.7618,0.4,
251355,RUNNING,0.5302,-0.3743,1.9125,-8.7261,136.84,0,0.0,1,1,0,-8.7261,-8.7261,0,21.1946,19.9497,idle,0.5304,-0.3744,0.5301,-0.3742,-0.3743,0.4,
251456,RUNNING,1.3719,0.3866,1.0125,0.2316,-288.61,0,0.0,23,1,0,0.2316,0.2316,0,20.9309,19.9497,idle,1.372,0.3866,1.3718,0.3866,0.3866,0.4,
251557,RUNNING,1.6961,1.0544,-1.8,-0.5187,-168.61,0,0.0,32,1,0,-0.5187,-0.5187,0,18.2063,19.9497,idle,1.6966,1.0547,1.6958,1.0542,1.0544,0.4,
251659,RUNNING,3.5272,2.0639,-3.15,-1.6604,-48.61,0,0.0,32,1,0,-1.6604,-1.6604,0,16.6243,19.9497,idle,3.5304,2.0657,3.5251,2.0626,2.0639,0.4,
251761,RUNNING,3.527,2.8983,-3.2625,-2.6216,71.39,0,0.0,33,1,0,-2.6216,-2.6216,0,16.4485,19.9497,idle,3.5304,2.9011,3.5247,2.8964,2.8983,0.4,
251864,RUNNING,4.3674,3.5592,-3.375,-3.381,-37.67,0,0.0,52,1,1,-3.381,-3.381,0,16.4485,19.9497,idle,4.372,3.5629,4.3644,3.5567,3.5592,0.4,
251965,RUNNING,5.0011,3.991,-3.825,-3.8886,0.0,0,0.0,32,1,0,-3.8886,-3.8886,0,16.009,19.9497,idle,5.0078,3.9964,4.9966,3.9875,3.991,0.4,
252065,RUNNING,5.3235,4.6163,-4.275,-4.617,-190.98,0,0.0,32,1,0,-4.617,-4.617,0,15.4817,19.9497,idle,5.3324,4.624,5.3176,4.6111,4.6163,0.4,
252167,RUNNING,6.2149,5.5517,-6.975,-12.8441,-310.98,0,0.0,12,1,0,-12.8441,-12.8441,0,12.7571,19.9497,idle,6.2426,5.5765,6.1964,5.5352,5.5517,0.4,
252268,RUNNING,6.2063,5.544,-7.9875,-5.8238,289.02,0,0.0,113,1,2,-5.8238,-5.8238,0,11.175,19.9497,idle,6.2426,5.5765,6.182,5.5224,5.544,0.4,
252369,RUNNING,6.2253,5.8998,-5.5125,-6.1922,-91.74,0,0.0,31,1,0,-6.1922,-6.1922,0,13.8997,19.9497,idle,6.2426,5.9162,6.2137,5.8888,5.8998,0.4,
252471,RUNNING,6.2073,6.0482,-7.875,-6.2569,-178.9,0,0.0,32,1,0,-6.2569,-6.2569,0,11.9661,19.9497,idle,6.2426,6.0827,6.1837,6.0253,6.0482,0.4,
252572,RUNNING,6.2102,6.1323,-7.5375,-6.6604,305.87,0,0.0,32,1,0,-6.6604,-6.6604,0,11.6145,19.9497,idle,6.2426,6.1642,6.1887,6.111,6.1323,0.4,
252675,RUNNING,5.0708,5.5543,-3.4875,-0.7481,425.87,0,0.0,12,1,0,-0.7481,-0.7481,0,15.7454,19.9497,idle,5.0764,5.5605,5.067,5.5502,5.5543,0.4,
252776,RUNNING,5.0078,5.2498,-0.1125,-5.6204,-6.61,0,0.0,31,1,0,-5.6204,-5.6204,0,19.3489,19.9497,idle,5.0078,5.2498,5.0078,5.2498,5.2498,0.4,
252877,RUNNING,4.5941,4.9286,-2.25,-5.2655,-360.1,0,0.0,32,1,0,-5.2655,-5.2655,0,17.5911,19.9497,idle,4.5962,4.9309,4.5927,4.9271,4.9286,0.4,
252979,RUNNING,4.5818,4.8154,-5.85,-5.1533,7.89,0,0.0,72,1,1,-5.1533,-5.1533,0,13.8118,19.9497,idle,4.5962,4.8305,4.5723,4.8053,4.8154,0.4,
253079,RUNNING,4.5854,4.8192,-5.0625,-5.2329,0.0,0,0.0,172,1,3,-5.2329,-5.2329,0,14.427,19.9497,idle,4.5962,4.8305,4.5783,4.8116,4.8192,0.4,
253179,RUNNING,2.3028,3.8008,-4.6125,-4.1347,225.74,0,0.0,33,1,0,-4.1347,-4.1347,0,14.6907,19.9497,idle,2.3073,3.8082,2.2998,3.7959,3.8008,0.4,
253281,RUNNING,1.5962,2.4114,-0.45,-2.582,345.74,0,0.0,21,1,0,-2.582,-2.582,0,18.6458,19.9497,idle,1.5962,2.4114,1.5961,2.4114,2.4114,0.4,
253382,RUNNING,0.112,1.4413,2.925,-1.4791,225.74,0,0.0,31,1,0,-1.4791,-1.4791,0,22.2493,19.9497,idle,0.1121,1.4424,0.112,1.4405,1.4413,0.4,
253484,RUNNING,-0.3422,0.5593,5.0625,-0.4993,105.74,0,0.0,30,1,0,-0.4993,-0.4993,0,24.3586,19.9497,idle,-0.343,0.5606,-0.3417,0.5585,0.5593,0.4,
253585,RUNNING,-0.4106,0.0718,5.2875,0.0401,-254.26,0,0.0,30,1,0,0.0401,0.0401,0,25.1497,19.9497,idle,-0.4116,0.072,-0.4099,0.0717,0.0718,0.4,
253686,RUNNING,-1.6459,-0.6903,1.9125,0.9043,-327.93,0,0.0,31,1,0,0.9043,0.9043,0,21.8977,19.9497,idle,-1.6464,-0.6905,-1.6455,-0.6902,-0.6903,0.4,
253789,RUNNING,-1.7823,-1.018,0.675,1.2738,252.74,0,0.0,32,1,0,1.2738,1.2738,0,20.1399,19.9497,idle,-1.7824,-1.0181,-1.7822,-1.018,-1.018,0.4,
253891,RUNNING,-2.8082,-1.9964,4.1625,11.1757,372.74,0,0.0,10,1,0,11.1757,11.1757,0,23.4797,19.9497,idle,-2.8126,-1.9995,-2.8052,-1.9943,-1.9964,0.4,
253992,RUNNING,-3.0969,-2.3219,7.3125,2.7415,12.74,0,0.0,70,1,1,2.7415,2.7415,0,26.9075,19.9497,idle,-3.1121,-2.3333,-3.0868,-2.3143,-2.3219,0.4,
254094,RUNNING,-3.1051,-2.3281,4.95,2.8497,-473.33,0,0.0,172,1,3,2.8497,2.8497,0,25.1497,19.9497,idle,-3.1121,-2.3333,-3.1005,-2.3246,-2.3281,0.4,
254195,RUNNING,-4.0365,-2.8436,2.1375,3.3872,126.67,0,0.0,31,1,0,3.3872,3.3872,0,21.8977,19.9497,idle,-4.0382,-2.8448,-4.0354,-2.8428,-2.8436,0.4,
254299,RUNNING,-3.0807,-3.0481,4.725,3.9695,6.67,0,0.0,1,1,0,3.9695,3.9695,0,24.1829,19.9497,idle,-3.087,-3.0543,-3.0765,-3.044,-3.0481,0.4,
254400,RUNNING,-3.424,-3.2402,4.3875,3.875,-113.33,0,0.0,22,1,0,3.875,3.875,0,24.095,19.9497,idle,-3.43,-3.2459,-3.4199,-3.2364,-3.2402,0.4,
254501,RUNNING,-3.0833,-3.1945,3.6,3.8513,70.9,0,0.0,30,1,0,3.8513,3.8513,0,23.3918,19.9497,idle,-3.087,-3.1982,-3.0809,-3.1919,-3.1945,0.4,
254603,RUNNING,-3.0148,-3.1406,3.6,3.8059,0.0,0,0.0,73,1,1,3.8059,3.8059,0,23.3918,19.9497,idle,-3.0184,-3.1443,-3.0124,-3.1381,-3.1406,0.4,
254703,RUNNING,-2.9473,-3.0425,3.0375,3.7264,0.0,0,0.0,33,1,0,3.7264,3.7264,0,22.9524,19.9497,idle,-2.9498,-3.0451,-2.9457,-3.0408,-3.0425,0.4,
254803,RUNNING,-2.948,-2.8338,2.5875,4.7394,120.0,0,0.0,13,1,0,4.7394,4.7394,0,22.3372,19.9497,idle,-2.9498,-2.8355,-2.9468,-2.8327,-2.8338,0.4,
254904,RUNNING,-2.2613,-2.5411,3.4875,3.1988,-175.47,0,0.0,31,1,0,3.1988,3.1988,0,23.304,19.9497,idle,-2.2638,-2.544,-2.2596,-2.5392,-2.5411,0.4,
255005,RUNNING,-1.7834,-2.0795,1.0125,-0.5209,-295.47,0,0.0,11,1,0,-0.5209,-0.5209,0,20.843,19.9497,idle,-1.7836,-2.0797,-1.7833,-2.0794,-2.0795,0.4,
255108,RUNNING,-1.303,-1.6833,-1.8,2.2451,-141.79,0,0.0,30,1,0,2.2451,2.2451,0,18.2063,19.9497,idle,-1.3034,-1.6838,-1.3028,-1.683,-1.6833,0.4,
255209,RUNNING,-1.3033,-1.6837,-0.9,2.2701,458.21,0,0.0,132,1,2,2.2701,2.2701,0,18.2942,19.9497,idle,-1.3034,-1.6838,-1.3032,-1.6836,-1.6837,0.4,
255310,RUNNING,-1.3025,-1.6826,2.8125,2.269,-13.07,0,0.0,233,1,4,2.269,2.269,0,22.3372,19.9497,idle,-1.3034,-1.6838,-1.3018,-1.6818,-1.6826,0.4,
255412,RUNNING,0.7546,-0.4402,0.7875,0.8836,-219.2,0,0.0,32,1,0,0.8836,0.8836,0,20.7551,19.9497,idle,0.7546,-0.4402,0.7545,-0.4402,-0.4402,0.4,
255513,RUNNING,1.6964,0.5486,-1.2375,-0.2303,-99.2,0,0.0,32,1,0,-0.2303,-0.2303,0,18.7336,19.9497,idle,1.6966,0.5487,1.6962,0.5486,0.5486,0.4,
255614,RUNNING,2.1945,1.3448,-1.8,-1.1329,20.8,0,0.0,31,1,0,-1.1329,-1.1329,0,17.8547,19.9497,idle,2.1952,1.3452,2.1941,1.3445,1.3448,0.4,
255716,RUNNING,3.3947,2.3254,-1.8,-2.2464,-218.21,0,0.0,32,1,0,-2.2464,-2.2464,0,17.9426,19.9497,idle,3.3957,2.3261,3.394,2.325,2.3254,0.4,
255817,RUNNING,3.6965,3.1557,-4.8375,-9.0352,-338.21,0,0.0,12,1,0,-9.0352,-9.0352,0,15.0422,19.9497,idle,3.7044,3.1625,3.6912,3.1512,3.1557,0.4,
255920,RUNNING,4.8235,3.6519,-6.6375,-3.7598,21.79,0,0.0,32,1,0,-3.7598,-3.7598,0,13.1086,19.9497,idle,4.843,3.6667,4.8105,3.6421,3.6519,0.4,
256021,RUNNING,5.8409,5.0233,-6.75,-14.2116,-98.21,0,0.0,11,1,0,-14.2116,-14.2116,0,12.7571,19.9497,idle,5.8653,5.0443,5.8246,5.0093,5.0233,0.4,
256122,RUNNING,5.849,5.0303,-5.5125,-5.4759,133.39,0,0.0,112,1,2,-5.4759,-5.4759,0,13.636,19.9497,idle,5.8653,5.0443,5.8382,5.0209,5.0303,0.4,
256224,RUNNING,5.8503,5.0314,-5.2875,-5.4352,0.0,0,0.0,214,1,4,-5.4352,-5.4352,0,14.1633,19.9497,idle,5.8653,5.0443,5.8403,5.0228,5.0314,0.4,
256324,RUNNING,5.8503,5.0314,-5.2875,-5.4691,0.0,0,0.0,314,1,6,-5.4691,-5.4691,0,14.2512,19.9497,idle,5.8653,5.0443,5.8403,5.0228,5.0314,0.4,
256424,RUNNING,5.8503,5.0314,-5.2875,-5.4759,0.0,0,0.0,414,0,8,-5.4759,-5.4759,0,14.2512,19.9497,idle,5.8653,5.0443,5.8403,5.0228,5.0314,0.4,
256524,RUNNING,5.8503,5.0314,-5.2875,-5.4759,0.0,0,0.0,514,0,11,-5.4759,-5.4759,0,14.1633,19.9497,idle,5.8653,5.0443,5.8403,5.0228,5.0314,0.4,
256624,RUNNING,5.8503,5.0314,-5.2875,-5.4759,0.0,0,0.0,615,0,13,-5.4759,-5.4759,0,14.1633,19.9497,idle,5.8653,5.0443,5.8403,5.0228,5.0314,0.4,
256724,RUNNING,5.8503,5.0314,-5.2875,-5.4759,0.0,0,0.0,715,0,16,-5.4759,-5.4759,0,14.2512,19.9497,idle,5.8653,5.0443,5.8403,5.0228,5.0314,0.4,
256824,RUNNING,5.8503,5.0314,-5.2875,-5.4759,0.0,0,0.0,815,0,16,-5.4759,-5.4759,0,14.1633,19.9497,idle,5.8653,5.0443,5.8403,5.0228,5.0314,0.4,
256925,RUNNING,3.7231,4.5468,-4.725,-4.9792,0.0,0,0.0,33,1,0,-4.9792,-4.9792,0,14.6028,19.9497,idle,3.7307,4.5561,3.7181,4.5406,4.5468,0.4,
257027,RUNNING,3.7696,4.1416,-3.15,-4.5582,120.0,0,0.0,21,1,0,-4.5582,-4.5582,0,16.009,19.9497,idle,3.773,4.1453,3.7673,4.1391,4.1416,0.4,
257128,RUNNING,3.7667,4.1384,-4.275,-4.5026,-192.32,0,0.0,123,1,2,-4.5026,-4.5026,0,15.5696,19.9497,idle,3.773,4.1453,3.7625,4.1338,4.1384,0.4,
257229,RUNNING,3.3144,3.892,-3.9375,-4.3463,166.16,0,0.0,32,1,0,-4.3463,-4.3463,0,15.218,19.9497,idle,3.3191,3.8975,3.3113,3.8883,3.892,0.4,
257331,RUNNING,1.4833,2.9171,-2.475,-3.2416,46.16,0,0.0,31,1,0,-3.2416,-3.2416,0,16.6243,19.9497,idle,1.4841,2.9188,1.4827,2.916,2.9171,0.4,
257433,RUNNING,1.4824,2.9155,-3.4875,-3.2422,61.35,0,0.0,133,1,2,-3.2422,-3.2422,0,16.0969,19.9497,idle,1.4841,2.9188,1.4813,2.9134,2.9155,0.4,
257534,RUNNING,0.2879,2.1274,-3.375,17.5757,120.0,0,0.0,13,1,0,17.5757,17.5757,0,16.0969,19.9497,idle,0.2882,2.1296,0.2877,2.1259,2.1274,0.4,
257635,RUNNING,-0.9156,0.7025,-0.5625,-0.7869,240.0,0,0.0,31,1,0,-0.7869,-0.7869,0,18.5579,19.9497,idle,-0.9157,0.7026,-0.9156,0.7025,0.7025,0.4,
257736,RUNNING,-0.9156,0.7026,-0.3375,-0.7896,-219.6,0,0.0,132,1,2,-0.7896,-0.7896,0,19.5247,19.9497,idle,-0.9157,0.7026,-0.9156,0.7026,0.7026,0.4,
257840,RUNNING,-0.9156,0.7025,-1.0125,-0.7944,0.0,0,0.0,235,1,4,-0.7944,-0.7944,0,18.5579,19.9497,idle,-0.9157,0.7026,-0.9155,0.7025,0.7025,0.4,
257940,RUNNING,-0.9156,0.7025,-1.0125,-0.7982,0.0,0,0.0,335,0,7,-0.7982,-0.7982,0,18.5579,19.9497,idle,-0.9157,0.7026,-0.9155,0.7025,0.7025,0.4,
258040,RUNNING,-0.9156,0.7025,-1.0125,-0.7982,0.0,0,0.0,435,0,9,-0.7982,-0.7982,0,18.5579,19.9497,idle,-0.9157,0.7026,-0.9155,0.7025,0.7025,0.4,
258140,RUNNING,-0.9156,0.7025,-1.0125,-0.7982,0.0,0,0.0,537,0,11,-0.7982,-0.7982,0,18.5579,19.9497,idle,-0.9157,0.7026,-0.9155,0.7025,0.7025,0.4,
258240,RUNNING,-0.9156,0.7025,-1.0125,-0.7982,0.0,0,0.0,637,0,12,-0.7982,-0.7982,0,18.5579,19.9497,idle,-0.9157,0.7026,-0.9155,0.7025,0.7025,0.4,
258340,RUNNING,-0.9156,0.7025,-1.0125,-0.7982,0.0,0,0.0,737,0,14,-0.7982,-0.7982,0,18.5579,19.9497,idle,-0.9157,0.7026,-0.9155,0.7025,0.7025,0.4,
258440,RUNNING,-0.9156,0.7025,-1.0125,-0.7982,0.0,0,0.0,837,0,16,-0.7982,-0.7982,0,18.5579,19.9497,idle,-0.9157,0.7026,-0.9155,0.7025,0.7025,0.4,
258541,RUNNING,-0.9156,0.7025,-1.0125,-0.7982,0.0,0,0.0,938,0,19,-0.7982,-0.7982,0,18.5579,19.9497,idle,-0.9157,0.7026,-0.9155,0.7025,0.7025,0.4,
258642,RUNNING,-3.9156,-1.6527,-0.225,26.4041,360.0,0,0.0,13,1,0,26.4041,26.4041,0,18.9973,19.9497,idle,-3.9157,-1.6527,-3.9156,-1.6527,-1.6527,0.4,
258744,RUNNING,-6.9035,-4.3292,4.3875,4.7993,371.41,0,0.0,31,1,0,4.7993,4.7993,0,23.4797,19.9497,idle,-6.9157,-4.3368,-6.8954,-4.3241,-4.3292,0.4,
258845,RUNNING,-8.074,-5.9781,8.1,6.5924,251.41,0,0.0,31,1,0,6.5924,6.5924,0,27.3469,19.9497,idle,-8.1226,-6.0141,-8.0416,-5.9541,-5.9781,0.4,
258948,RUNNING,-9.5266,-7.7152,10.4625,8.5776,131.41,0,0.0,32,1,0,8.5776,8.5776,0,29.8958,19.9497,idle,-9.6226,-7.7929,-9.4626,-7.6634,-7.7152,0.4,
259049,RUNNING,-9.7485,-9.0327,13.6125,9.8458,251.41,0,0.0,21,1,0,9.8458,9.8458,0,32.7961,19.9497,idle,-9.9157,-9.1876,-9.6371,-8.9295,-9.0327,0.4,
259150,RUNNING,-10.8649,-9.9387,15.975,10.9581,131.41,0,0.0,31,1,0,10.9581,10.9581,0,35.345,19.9497,idle,-11.1226,-10.1744,-10.6931,-9.7815,-9.9387,0.4,
259252,RUNNING,-10.8391,-10.3863,16.7625,11.941,-120.0,0,0.0,31,1,0,11.941,11.941,0,36.3997,19.9497,idle,-11.1226,-10.658,-10.65,-10.2051,-10.3863,0.4,
259353,RUNNING,-10.8997,-10.6766,14.85,12.5916,-240.0,0,0.0,31,1,0,12.5916,12.5916,0,34.8176,19.9497,idle,-11.1226,-10.895,-10.7511,-10.5311,-10.6766,0.4,
259456,RUNNING,-10.9497,-10.8444,12.7125,12.6005,0.0,0,0.0,30,1,0,12.6005,12.6005,0,32.4446,19.9497,idle,-11.1132,-11.0063,-10.8408,-10.7365,-10.8444,0.4,
259556,RUNNING,-10.938,-10.8865,13.1625,12.5723,0.0,0,0.0,31,1,0,12.5723,12.5723,0,32.6204,19.9497,idle,-11.1132,-11.0608,-10.8212,-10.7702,-10.8865,0.4,
259657,RUNNING,-10.8146,-10.8697,12.7125,12.9219,0.0,0,0.0,32,1,0,12.9219,12.9219,0,32.5325,19.9497,idle,-10.976,-11.032,-10.7069,-10.7615,-10.8697,0.4,
259760,RUNNING,-10.8822,-10.8779,12.7125,12.9048,0.0,0,0.0,11,1,0,12.9048,12.9048,0,32.4446,19.9497,idle,-11.0446,-11.0403,-10.7739,-10.7696,-10.8779,0.4,
259860,RUNNING,-11.2756,-11.0608,13.1625,12.9872,0.0,0,0.0,30,1,0,12.9872,12.9872,0,32.6204,19.9497,idle,-11.4562,-11.238,-11.1552,-10.9427,-11.0608,0.4,
259961,RUNNING,-11.2599,-11.1548,13.725,13.16,0.0,0,0.0,31,1,0,13.16,13.16,0,33.2356,19.9497,idle,-11.4562,-11.3493,-11.1291,-11.0252,-11.1548,0.4,
260063,RUNNING,-12.4061,-11.5523,13.725,13.6779,0.0,0,0.0,31,1,0,13.6779,13.6779,0,33.1477,19.9497,idle,-12.6224,-11.7537,-12.262,-11.4181,-11.5523,0.4,
260164,RUNNING,-12.5265,-12.1878,14.175,18.3134,120.0,0,0.0,10,1,0,18.3134,18.3134,0,33.7629,19.9497,idle,-12.7596,-12.4146,-12.3711,-12.0366,-12.1878,0.4,
260265,RUNNING,-12.4883,-12.5869,15.3,15.0716,-68.31,0,0.0,29,1,0,15.0716,15.0716,0,34.7297,19.9497,idle,-12.7596,-12.8604,-12.3074,-12.4046,-12.5869,0.4,
260368,RUNNING,-10.8299,-12.0555,14.625,14.8446,0.0,0,0.0,31,1,0,14.8446,14.8446,0,34.4661,19.9497,idle,-11.0446,-12.2945,-10.6867,-11.8961,-12.0555,0.4,
260469,RUNNING,-10.8364,-11.6948,14.4,14.5109,0.0,0,0.0,32,1,0,14.5109,14.5109,0,34.2024,19.9497,idle,-11.0446,-11.9195,-10.6976,-11.545,-11.6948,0.4,
260572,RUNNING,-10.0159,-10.8218,13.95,4.6833,-120.0,0,0.0,11,1,0,4.6833,4.6833,0,33.675,19.9497,idle,-10.1963,-11.0167,-9.8956,-10.6918,-10.8218,0.4,
260673,RUNNING,-10.0301,-10.595,13.3875,13.2427,0.0,0,0.0,71,1,1,13.2427,13.2427,0,33.0598,19.9497,idle,-10.1963,-10.7706,-9.9192,-10.4779,-10.595,0.4,
260773,RUNNING,-10.0301,-10.595,13.3875,13.3142,0.0,0,0.0,171,1,3,13.3142,13.3142,0,33.0598,19.9497,idle,-10.1963,-10.7706,-9.9192,-10.4779,-10.595,0.4,
260874,RUNNING,-7.8165,-9.7655,13.1625,12.5862,-240.0,0,0.0,32,1,0,12.5862,12.5862,0,33.0598,19.9497,idle,-7.9417,-9.9219,-7.7331,-9.6613,-9.7655,0.4,
260975,RUNNING,-7.132,-8.1522,9.9,-0.1441,-360.0,0,0.0,11,1,0,-0.1441,-0.1441,0,29.8079,19.9497,idle,-7.1963,-8.2256,-7.0891,-8.1032,-8.1522,0.4,
261076,RUNNING,-4.8206,-6.4955,6.4125,9.0397,-240.0,0,0.0,30,1,0,9.0397,9.0397,0,26.3801,19.9497,idle,-4.8388,-6.52,-4.8085,-6.4792,-6.4955,0.4,
261178,RUNNING,-4.1897,-5.3265,4.1625,7.6508,-120.0,0,0.0,32,1,0,7.6508,7.6508,0,23.9192,19.9497,idle,-4.1963,-5.3349,-4.1852,-5.3208,-5.3265,0.4,
261279,RUNNING,-3.066,-4.4117,3.2625,6.6211,0.0,0,0.0,32,1,0,6.6211,6.6211,0,22.9524,19.9497,idle,-3.069,-4.416,-3.064,-4.4089,-4.4117,0.4,
261382,RUNNING,-1.1947,-2.5418,3.825,-10.0939,-120.0,0,0.0,1,1,0,-10.0939,-10.0939,0,23.304,19.9497,idle,-1.1963,-2.5452,-1.1936,-2.5395,-2.5418,0.4,
261483,RUNNING,-1.195,-2.1381,3.4875,4.0788,240.0,0,0.0,63,1,1,4.0788,4.0788,0,22.8645,19.9497,idle,-1.1963,-2.1405,-1.1941,-2.1365,-2.1381,0.4,
261584,RUNNING,0.4941,-1.0321,3.6,2.8626,-280.45,0,0.0,32,1,0,2.8626,2.8626,0,23.3918,19.9497,idle,0.4946,-1.0333,0.4937,-1.0313,-1.0321,0.4,
261686,RUNNING,1.8037,0.6611,-0.1125,-11.4479,-400.45,0,0.0,12,1,0,-11.4479,-11.4479,0,19.6125,19.9497,idle,1.8037,0.6611,1.8037,0.6611,0.6611,0.4,
261787,RUNNING,2.9264,1.6386,-4.1625,-0.1355,-280.45,0,0.0,31,1,0,-0.1355,-0.1355,0,15.6575,19.9497,idle,2.931,1.6412,2.9233,1.6369,1.6386,0.4,
261889,RUNNING,4.2776,2.8791,-6.8625,-1.5137,-160.45,0,0.0,31,1,0,-1.5137,-1.5137,0,12.7571,19.9497,idle,4.2961,2.8915,4.2653,2.8708,2.8791,0.4,
261990,RUNNING,4.6244,3.4032,-6.6375,-2.207,199.55,0,0.0,32,1,0,-2.207,-2.207,0,12.4934,19.9497,idle,4.6431,3.417,4.612,3.3941,3.4032,0.4,
262091,RUNNING,4.9391,3.8709,-3.4875,-2.7982,293.6,0,0.0,73,1,1,-2.7982,-2.7982,0,15.4817,19.9497,idle,4.9446,3.8753,4.9355,3.8681,3.8709,0.4,
262194,RUNNING,5.6215,4.3973,-2.7,-3.3318,-259.59,0,0.0,33,1,0,-3.3318,-3.3318,0,16.8879,19.9497,idle,5.6252,4.4002,5.619,4.3954,4.3973,0.4,
262295,RUNNING,5.8946,5.2736,-6.1875,-11.0194,-379.59,0,0.0,11,1,0,-11.0194,-11.0194,0,13.3723,19.9497,idle,5.9153,5.2921,5.8808,5.2612,5.2736,0.4,
262396,RUNNING,5.1491,5.2972,-7.9875,-4.4584,220.41,0,0.0,30,1,0,-4.4584,-4.4584,0,11.175,19.9497,idle,5.1793,5.3282,5.129,5.2765,5.2972,0.4,
262498,RUNNING,3.4254,4.6852,-3.825,-3.8767,363.16,0,0.0,31,1,0,-3.8767,-3.8767,0,15.0422,19.9497,idle,3.43,4.6915,3.4224,4.681,4.6852,0.4,
262599,RUNNING,2.8218,3.7792,-0.225,-2.7987,243.16,0,0.0,32,1,0,-2.7987,-2.7987,0,18.8215,19.9497,idle,2.8218,3.7792,2.8218,3.7792,3.7792,0.4,
262702,RUNNING,2.8114,3.3281,2.1375,-2.2903,123.16,0,0.0,32,1,0,-2.2903,-2.2903,0,21.1946,19.9497,idle,2.8126,3.3295,2.8106,3.3271,3.3281,0.4,
262803,RUNNING,2.054,2.5979,4.6125,-1.4857,3.16,0,0.0,21,1,0,-1.4857,-1.4857,0,23.8313,19.9497,idle,2.058,2.603,2.0513,2.5945,2.5979,0.4,
262903,RUNNING,1.4396,2.1278,2.7,-1.0073,-356.84,0,0.0,31,1,0,-1.0073,-1.0073,0,22.5129,19.9497,idle,1.4406,2.1293,1.439,2.1269,2.1278,0.4,
263005,RUNNING,0.343,1.391,-1.0125,-0.1716,-28.88,0,0.0,31,1,0,-0.1716,-0.1716,0,18.7336,19.9497,idle,0.343,1.3911,0.3429,1.3909,1.391,0.4,
263107,RUNNING,-0.5487,0.4383,1.125,0.8943,323.21,0,0.0,33,1,0,0.8943,0.8943,0,20.052,19.9497,idle,-0.5488,0.4383,-0.5487,0.4382,0.4383,0.4,
263208,RUNNING,-0.8807,-0.2219,4.8375,1.6329,203.21,0,0.0,21,1,0,1.6329,1.6329,0,23.9192,19.9497,idle,-0.8826,-0.2224,-0.8795,-0.2216,-0.2219,0.4,
263310,RUNNING,-1.9131,-0.9603,6.6375,2.4583,83.21,0,0.0,31,1,0,2.4583,2.4583,0,25.7649,19.9497,idle,-1.9208,-0.9642,-1.9079,-0.9577,-0.9603,0.4,
263411,RUNNING,-2.791,-1.8077,6.975,3.4215,-36.79,0,0.0,31,1,0,3.4215,3.4215,0,26.2922,19.9497,idle,-2.8034,-1.8157,-2.7827,-1.8023,-1.8077,0.4,
263515,RUNNING,-3.6169,-2.6338,5.9625,4.396,-156.79,0,0.0,33,1,0,4.396,4.396,0,25.677,19.9497,idle,-3.6287,-2.6424,-3.6091,-2.6281,-2.6338,0.4,
263616,RUNNING,-5.346,-4.064,5.7375,6.0008,167.59,0,0.0,22,1,0,6.0008,6.0008,0,25.1497,19.9497,idle,-5.3621,-4.0762,-5.3352,-4.0558,-4.064,0.4,
263717,RUNNING,-5.7768,-4.8971,7.0875,6.928,47.59,0,0.0,30,1,0,6.928,6.928,0,26.3801,19.9497,idle,-5.8034,-4.9197,-5.7591,-4.8821,-4.8971,0.4,
263819,RUNNING,-6.5964,-5.6106,7.3125,7.7774,222.69,0,0.0,31,1,0,7.7774,7.7774,0,26.6438,19.9497,idle,-6.6287,-5.6382,-6.5748,-5.5923,-5.6106,0.4,
263921,RUNNING,-7.1311,-6.552,10.4625,15.0355,342.69,0,0.0,11,1,0,15.0355,15.0355,0,29.72,19.9497,idle,-7.203,-6.618,-7.0832,-6.508,-6.552,0.4,
264024,RUNNING,-8.475,-7.2944,13.8375,9.4426,222.69,0,0.0,30,1,0,9.4426,9.4426,0,32.9719,19.9497,idle,-8.6252,-7.4237,-8.3749,-7.2082,-7.2944,0.4,
264125,RUNNING,-8.6963,-7.9698,15.8625,10.3526,102.69,0,0.0,31,1,0,10.3526,10.3526,0,35.0813,19.9497,idle,-8.8996,-8.1562,-8.5607,-7.8456,-7.9698,0.4,
264226,RUNNING,-9.1681,-8.5744,16.425,11.2775,-17.31,0,0.0,31,1,0,11.2775,11.2775,0,35.8723,19.9497,idle,-9.3982,-8.7896,-9.0147,-8.4309,-8.5744,0.4,
264328,RUNNING,-9.9699,-9.128,15.8625,12.034,-137.31,0,0.0,31,1,0,12.034,12.034,0,35.4329,19.9497,idle,-10.203,-9.3414,-9.8145,-8.9857,-9.128,0.4,
264430,RUNNING,-10.4508,-9.8193,13.725,13.0909,-257.31,0,0.0,33,1,0,13.0909,13.0909,0,33.5872,19.9497,idle,-10.633,-9.9905,-10.3294,-9.7052,-9.8193,0.4,
264532,RUNNING,-11.611,-10.7932,13.3875,22.6252,342.69,0,0.0,13,1,0,22.6252,22.6252,0,32.7083,19.9497,idle,-11.8034,-10.9721,-11.4827,-10.6739,-10.7932,0.4,
264635,RUNNING,-11.5962,-11.1336,16.7625,13.9216,222.69,0,0.0,30,1,0,13.9216,13.9216,0,35.9602,19.9497,idle,-11.8996,-11.4249,-11.394,-10.9395,-11.1336,0.4,
264737,RUNNING,-12.6787,-11.8833,18.9,14.8368,102.69,0,0.0,31,1,0,14.8368,14.8368,0,38.1575,19.9497,idle,-13.1026,-12.2805,-12.3962,-11.6184,-11.8833,0.4,
264840,RUNNING,-12.6837,-12.1267,18.7875,16.0187,-257.31,0,0.0,73,1,1,16.0187,16.0187,0,38.5969,19.9497,idle,-13.1026,-12.5272,-12.4045,-11.8597,-12.1267,0.4,
264942,RUNNING,-9.9151,-11.3903,14.2875,15.9145,-377.31,0,0.0,31,1,0,15.9145,15.9145,0,34.3782,19.9497,idle,-10.1026,-11.6056,-9.7901,-11.2467,-11.3903,0.4,
265044,RUNNING,-10.0018,-10.731,10.4625,14.7861,-257.31,0,0.0,30,1,0,14.7861,14.7861,0,30.4231,19.9497,idle,-10.1026,-10.8391,-9.9346,-10.6589,-10.731,0.4,
265147,RUNNING,-9.2982,-10.0433,7.9875,13.8724,-137.31,0,0.0,31,1,0,13.8724,13.8724,0,27.7864,19.9497,idle,-9.3526,-10.1021,-9.2619,-10.0041,-10.0433,0.4,
265248,RUNNING,-7.0711,-8.6911,6.975,12.2612,-17.31,0,0.0,31,1,0,12.2612,12.2612,0,26.7317,19.9497,idle,-7.1026,-8.7298,-7.05,-8.6652,-8.6911,0.4,
265351,RUNNING,-6.7457,-7.7656,7.2,11.24,102.69,0,0.0,33,1,0,11.24,11.24,0,26.7317,19.9497,idle,-6.7778,-7.8025,-6.7244,-7.741,-7.7656,0.4,
265452,RUNNING,-4.8267,-6.3804,7.65,-7.1833,-17.31,0,0.0,11,1,0,-7.1833,-7.1833,0,27.0833,19.9497,idle,-4.8526,-6.4147,-4.8094,-6.3576,-6.3804,0.4,
265553,RUNNING,-4.8121,-6.3612,9.5625,9.5372,145.86,0,0.0,112,1,2,9.5372,9.5372,0,28.6653,19.9497,idle,-4.8526,-6.4147,-4.7852,-6.3255,-6.3612,0.4,
265655,RUNNING,-4.8102,-6.3587,9.7875,9.7613,0.0,0,0.0,214,1,4,9.7613,9.7613,0,29.3684,19.9497,idle,-4.8526,-6.4147,-4.782,-6.3213,-6.3587,0.4,
265755,RUNNING,-4.8102,-6.3587,9.7875,9.8042,0.0,0,0.0,314,1,6,9.8042,9.8042,0,29.3684,19.9497,idle,-4.8526,-6.4147,-4.782,-6.3213,-6.3587,0.4,
265856,RUNNING,-3.3233,-5.4481,9.7875,-14.2539,-120.0,0,0.0,13,1,0,-14.2539,-14.2539,0,29.3684,19.9497,idle,-3.3526,-5.4961,-3.3038,-5.4161,-5.4481,0.4,
265957,RUNNING,-0.3511,-3.1742,6.8625,6.3494,-240.0,0,0.0,32,1,0,6.3494,6.3494,0,26.8196,19.9497,idle,-0.3526,-3.1879,-0.3501,-3.1651,-3.1742,0.4,
266058,RUNNING,1.1454,-1.1324,4.3875,3.9981,-203.81,0,0.0,32,1,0,3.9981,3.9981,0,24.1829,19.9497,idle,1.1474,-1.1344,1.144,-1.1311,-1.1324,0.4,
266161,RUNNING,2.6463,0.6366,2.1375,1.9876,-178.6,0,0.0,32,1,0,1.9876,1.9876,0,21.9856,19.9497,idle,2.6474,0.6368,2.6456,0.6364,0.6366,0.4,
266261,RUNNING,2.6463,0.6366,2.1375,1.9896,0.0,0,0.0,133,1,2,1.9896,1.9896,0,21.3704,19.9497,idle,2.6474,0.6368,2.6456,0.6364,0.6366,0.4,
266361,RUNNING,2.6463,0.6366,2.1375,1.9839,0.0,0,0.0,233,1,5,1.9839,1.9839,0,21.4583,19.9497,idle,2.6474,0.6368,2.6456,0.6364,0.6366,0.4,
266461,RUNNING,2.6463,0.6366,2.1375,1.9805,0.0,0,0.0,333,0,7,1.9805,1.9805,0,21.4583,19.9497,idle,2.6474,0.6368,2.6456,0.6364,0.6366,0.4,
266561,RUNNING,2.6463,0.6366,2.1375,1.9805,0.0,0,0.0,433,0,9,1.9805,1.9805,0,21.4583,19.9497,idle,2.6474,0.6368,2.6456,0.6364,0.6366,0.4,
266661,RUNNING,2.6463,0.6366,2.1375,1.9805,0.0,0,0.0,533,0,11,1.9805,1.9805,0,21.4583,19.9497,idle,2.6474,0.6368,2.6456,0.6364,0.6366,0.4,
266761,RUNNING,5.0061,1.9475,1.9125,0.499,-240.0,0,0.0,33,1,0,0.499,0.499,0,21.4583,19.9497,idle,5.0078,1.9481,5.005,1.947,1.9475,0.4,
266862,RUNNING,4.3894,3.6009,-1.575,-9.9163,-396.1,0,0.0,11,1,0,-9.9163,-9.9163,0,18.1184,19.9497,idle,4.3904,3.6017,4.3887,3.6003,3.6009,0.4,
266963,RUNNING,4.5829,4.0826,-5.625,-1.8533,-276.1,0,0.0,30,1,0,-1.8533,-1.8533,0,14.0754,19.9497,idle,4.5962,4.0945,4.5741,4.0748,4.0826,0.4,
267065,RUNNING,4.1353,4.187,-6.3,-2.1438,323.9,0,0.0,31,1,0,-2.1438,-2.1438,0,12.6692,19.9497,idle,4.1503,4.2022,4.1252,4.1768,4.187,0.4,
267166,RUNNING,2.6751,3.6537,-1.0125,-1.552,443.9,0,0.0,31,1,0,-1.552,-1.552,0,17.679,19.9497,idle,2.6754,3.654,2.675,3.6534,3.6537,0.4,
267271,RUNNING,1.713,2.7197,3.6,10.4825,542.02,0,0.0,1,1,0,10.4825,10.4825,0,22.6008,19.9497,idle,1.715,2.7229,1.7116,2.7176,2.7197,0.4,
267371,RUNNING,1.5179,2.1247,8.325,0.2134,129.25,0,0.0,23,1,0,0.2134,0.2134,0,27.5227,19.9497,idle,1.5276,2.1383,1.5115,2.1157,2.1247,0.4,
267471,RUNNING,1.1447,1.7053,7.3125,0.58,-470.75,0,0.0,31,1,0,0.58,0.58,0,27.259,19.9497,idle,1.1503,1.7136,1.1409,1.6997,1.7053,0.4,
267573,RUNNING,-0.0,1.0018,1.575,1.4021,-318.28,0,0.0,31,1,0,1.4021,1.4021,0,21.3704,19.9497,idle,-0.0,1.002,-0.0,1.0016,1.0018,0.4,
267673,RUNNING,-0.3246,0.3648,0.5625,2.1233,281.72,0,0.0,31,1,0,2.1233,2.1233,0,19.7883,19.9497,idle,-0.3246,0.3648,-0.3246,0.3648,0.3648,0.4,
267774,RUNNING,-1.2826,-0.4077,4.5,2.9851,307.44,0,0.0,30,1,0,2.9851,2.9851,0,23.4797,19.9497,idle,-1.285,-0.4084,-1.281,-0.4072,-0.4077,0.4,
267876,RUNNING,-1.8404,-1.0589,7.425,3.711,187.44,0,0.0,30,1,0,3.711,3.711,0,26.6438,19.9497,idle,-1.8497,-1.0642,-1.8342,-1.0553,-1.0589,0.4,
267977,RUNNING,-2.2467,-1.6633,9.1125,4.3896,67.44,0,0.0,31,1,0,4.3896,4.3896,0,28.2258,19.9497,idle,-2.2638,-1.676,-2.2352,-1.6549,-1.6633,0.4,
268080,RUNNING,-2.2495,-1.9633,8.325,4.8145,-360.0,0,0.0,32,1,0,4.8145,4.8145,0,28.05,19.9497,idle,-2.2638,-1.9758,-2.2399,-1.955,-1.9633,0.4,
268181,RUNNING,-2.2585,-2.1599,5.0625,6.0983,-115.38,0,0.0,10,1,0,6.0983,6.0983,0,24.7981,19.9497,idle,-2.2638,-2.165,-2.255,-2.1566,-2.1599,0.4,
268282,RUNNING,-2.1221,-2.1408,4.8375,4.9989,0.0,0,0.0,31,1,0,4.9989,4.9989,0,24.2708,19.9497,idle,-2.1266,-2.1454,-2.119,-2.1378,-2.1408,0.4,
268382,RUNNING,-2.1221,-2.1408,4.8375,5.0133,0.0,0,0.0,131,1,2,5.0133,5.0133,0,24.2708,19.9497,idle,-2.1266,-2.1454,-2.119,-2.1378,-2.1408,0.4,
268483,RUNNING,-2.1221,-2.1408,4.8375,5.0278,0.0,0,0.0,232,1,4,5.0278,5.0278,0,24.2708,19.9497,idle,-2.1266,-2.1454,-2.119,-2.1378,-2.1408,0.4,
268583,RUNNING,-2.1221,-2.1408,4.8375,5.0422,0.0,0,0.0,332,1,6,5.0422,5.0422,0,24.2708,19.9497,idle,-2.1266,-2.1454,-2.119,-2.1378,-2.1408,0.4,
268683,RUNNING,-2.1221,-2.1408,4.8375,5.0422,0.0,0,0.0,432,0,9,5.0422,5.0422,0,24.2708,19.9497,idle,-2.1266,-2.1454,-2.119,-2.1378,-2.1408,0.4,
268783,RUNNING,-2.1221,-2.1408,4.8375,5.0422,0.0,0,0.0,532,0,11,5.0422,5.0422,0,24.2708,19.9497,idle,-2.1266,-2.1454,-2.119,-2.1378,-2.1408,0.4,
268883,RUNNING,-2.1221,-2.1408,4.8375,5.0422,0.0,0,0.0,632,0,12,5.0422,5.0422,0,24.2708,19.9497,idle,-2.1266,-2.1454,-2.119,-2.1378,-2.1408,0.4,
268983,RUNNING,-0.4451,-1.5137,4.3875,4.3481,0.0,0,0.0,52,1,1,4.3481,4.3481,0,23.9192,19.9497,idle,-0.4459,-1.5164,-0.4446,-1.5119,-1.5137,0.4,
269083,RUNNING,0.7791,-0.3648,2.8125,3.0652,-240.0,0,0.0,32,1,0,3.0652,3.0652,0,22.6887,19.9497,idle,0.7797,-0.3651,0.7788,-0.3646,-0.3648,0.4,
269185,RUNNING,0.9855,0.3002,0.5625,2.3119,-120.0,0,0.0,31,1,0,2.3119,2.3119,0,20.3157,19.9497,idle,0.9855,0.3002,0.9855,0.3002,0.3002,0.4,
269285,RUNNING,0.9855,0.6262,-0.225,1.9425,0.0,0,0.0,32,1,0,1.9425,1.9425,0,19.4368,19.9497,idle,0.9855,0.6262,0.9855,0.6262,0.6262,0.4,
269385,RUNNING,2.8548,1.5467,0.225,0.8991,120.0,0,0.0,32,1,0,0.8991,0.8991,0,19.6125,19.9497,idle,2.8548,1.5467,2.8548,1.5467,1.5467,0.4,
269488,RUNNING,3.7796,2.8932,-0.5625,-10.2465,-240.0,0,0.0,12,1,0,-10.2465,-10.2465,0,19.0852,19.9497,idle,3.7797,2.8932,3.7795,2.8931,2.8932,0.4,
269589,RUNNING,3.7795,2.8931,-0.675,-0.6586,120.0,0,0.0,114,1,2,-0.6586,-0.6586,0,18.3821,19.9497,idle,3.7797,2.8932,3.7794,2.893,2.8931,0.4,
269690,RUNNING,3.7795,2.8931,-0.675,-0.6709,0.0,0,0.0,215,1,4,-0.6709,-0.6709,0,18.8215,19.9497,idle,3.7797,2.8932,3.7794,2.893,2.8931,0.4,
269790,RUNNING,3.7795,2.8931,-0.675,-0.6904,0.0,0,0.0,315,1,6,-0.6904,-0.6904,0,18.8215,19.9497,idle,3.7797,2.8932,3.7794,2.893,2.8931,0.4,
269891,RUNNING,4.1844,3.2805,-0.675,-10.9443,-120.0,0,0.0,1,1,0,-10.9443,-10.9443,0,18.8215,19.9497,idle,4.1846,3.2806,4.1843,3.2804,3.2805,0.4,
269992,RUNNING,3.8396,3.4472,-2.3625,-1.3449,79.96,0,0.0,61,1,0,-1.3449,-1.3449,0,16.9758,19.9497,idle,3.8416,3.4489,3.8383,3.446,3.4472,0.4,
270094,RUNNING,3.8412,3.4486,-1.0125,-1.3739,-145.78,0,0.0,163,1,3,-1.3739,-1.3739,0,18.2942,19.9497,idle,3.8416,3.4489,3.841,3.4484,3.4486,0.4,
270195,RUNNING,3.8408,3.4483,-1.4625,-1.3968,0.0,0,0.0,264,1,5,-1.3968,-1.3968,0,17.9426,19.9497,idle,3.8416,3.4489,3.8403,3.4478,3.4483,0.4,
270295,RUNNING,3.8408,3.4483,-1.4625,-1.4154,0.0,0,0.0,364,0,7,-1.4154,-1.4154,0,17.9426,19.9497,idle,3.8416,3.4489,3.8403,3.4478,3.4483,0.4,
270395,RUNNING,3.8408,3.4483,-1.4625,-1.4154,0.0,0,0.0,464,0,9,-1.4154,-1.4154,0,17.9426,19.9497,idle,3.8416,3.4489,3.8403,3.4478,3.4483,0.4,
270495,RUNNING,3.8408,3.4483,-1.4625,-1.4154,0.0,0,0.0,564,0,12,-1.4154,-1.4154,0,17.9426,19.9497,idle,3.8416,3.4489,3.8403,3.4478,3.4483,0.4,
270595,RUNNING,3.8408,3.4483,-1.4625,-1.4154,0.0,0,0.0,664,0,14,-1.4154,-1.4154,0,17.9426,19.9497,idle,3.8416,3.4489,3.8403,3.4478,3.4483,0.4,
270695,RUNNING,3.8408,3.4483,-1.4625,-1.4154,0.0,0,0.0,764,0,17,-1.4154,-1.4154,0,17.9426,19.9497,idle,3.8416,3.4489,3.8403,3.4478,3.4483,0.4,
270795,RUNNING,3.8408,3.4483,-1.4625,-1.4154,0.0,0,0.0,864,0,19,-1.4154,-1.4154,0,17.9426,19.9497,idle,3.8416,3.4489,3.8403,3.4478,3.4483,0.4,
270895,RUNNING,3.8408,3.4483,-1.4625,-1.4154,0.0,0,0.0,964,0,21,-1.4154,-1.4154,0,17.9426,19.9497,idle,3.8416,3.4489,3.8403,3.4478,3.4483,0.4,
270995,RUNNING,3.8408,3.4483,-1.4625,-1.4154,0.0,0,0.0,1064,0,24,-1.4154,-1.4154,0,17.9426,19.9497,idle,3.8416,3.4489,3.8403,3.4478,3.4483,0.4,
271095,RUNNING,3.8408,3.4483,-1.4625,-1.4154,0.0,0,0.0,1164,0,26,-1.4154,-1.4154,0,17.9426,19.9497,idle,3.8416,3.4489,3.8403,3.4478,3.4483,0.4,
271195,RUNNING,3.8408,3.4483,-1.4625,-1.4154,0.0,0,0.0,1264,0,29,-1.4154,-1.4154,0,17.9426,19.9497,idle,3.8416,3.4489,3.8403,3.4478,3.4483,0.4,
271295,RUNNING,3.8408,3.4483,-1.4625,-1.4154,0.0,0,0.0,1364,0,31,-1.4154,-1.4154,0,17.9426,19.9497,idle,3.8416,3.4489,3.8403,3.4478,3.4483,0.4,
271395,RUNNING,3.8408,3.4483,-1.4625,-1.4154,0.0,0,0.0,1464,0,34,-1.4154,-1.4154,0,17.9426,19.9497,idle,3.8416,3.4489,3.8403,3.4478,3.4483,0.4,
271495,RUNNING,3.8408,3.4483,-1.4625,-1.4154,0.0,0,0.0,1564,0,35,-1.4154,-1.4154,0,17.9426,19.9497,idle,3.8416,3.4489,3.8403,3.4478,3.4483,0.4,
271595,RUNNING,4.3889,3.9854,-1.9125,-2.0333,0.0,0,0.0,32,1,0,-2.0333,-2.0333,0,17.5911,19.9497,idle,4.3904,3.9867,4.388,3.9845,3.9854,0.4,
271695,RUNNING,4.3882,4.248,-2.3625,-2.3544,0.0,0,0.0,32,1,0,-2.3544,-2.3544,0,17.1516,19.9497,idle,4.3904,4.2502,4.3867,4.2466,4.248,0.4,
271796,RUNNING,4.1489,4.1907,-1.9125,-2.3371,0.0,0,0.0,32,1,0,-2.3371,-2.3371,0,17.2395,19.9497,idle,4.1503,4.1921,4.148,4.1897,4.1907,0.4,
271897,RUNNING,3.4284,3.8625,-2.25,2.7223,120.0,0,0.0,11,1,0,2.7223,2.7223,0,17.0637,19.9497,idle,3.43,3.8643,3.4274,3.8613,3.8625,0.4,
271997,RUNNING,3.3607,3.6071,-1.4625,-1.73,0.0,0,0.0,30,1,0,-1.73,-1.73,0,17.679,19.9497,idle,3.3614,3.6078,3.3603,3.6066,3.6071,0.4,
272098,RUNNING,2.0576,2.9897,-1.4625,-1.0565,208.09,0,0.0,32,1,0,-1.0565,-1.0565,0,17.679,19.9497,idle,2.058,2.9903,2.0573,2.9893,2.9897,0.4,
272199,RUNNING,1.1158,1.9546,1.4625,9.2033,328.09,0,0.0,11,1,0,9.2033,9.2033,0,20.5793,19.9497,idle,1.116,1.955,1.1156,1.9543,1.9546,0.4,
272302,RUNNING,0.8904,1.6334,4.1625,0.4534,-31.91,0,0.0,72,1,1,0.4534,0.4534,0,23.4797,19.9497,idle,0.8918,1.636,0.8894,1.6317,1.6334,0.4,
272402,RUNNING,0.8916,1.6357,1.35,0.4206,-322.15,0,0.0,173,1,3,0.4206,0.4206,0,21.1946,19.9497,idle,0.8918,1.636,0.8916,1.6356,1.6357,0.4,
272503,RUNNING,0.8918,1.636,0.1125,0.4214,181.51,0,0.0,274,1,5,0.4214,0.4214,0,19.4368,19.9497,idle,0.8918,1.636,0.8918,1.636,1.636,0.4,
272604,RUNNING,0.8918,1.636,0.225,0.4143,0.0,0,0.0,376,0,7,0.4143,0.4143,0,19.7004,19.9497,idle,0.8918,1.636,0.8918,1.636,1.636,0.4,
272704,RUNNING,0.8918,1.636,0.225,0.4143,0.0,0,0.0,476,0,10,0.4143,0.4143,0,19.7004,19.9497,idle,0.8918,1.636,0.8918,1.636,1.636,0.4,
272804,RUNNING,0.8918,1.636,0.225,0.4143,0.0,0,0.0,576,0,12,0.4143,0.4143,0,19.7004,19.9497,idle,0.8918,1.636,0.8918,1.636,1.636,0.4,
272904,RUNNING,0.8918,1.636,0.225,0.4143,0.0,0,0.0,676,0,14,0.4143,0.4143,0,19.7004,19.9497,idle,0.8918,1.636,0.8918,1.636,1.636,0.4,
273006,RUNNING,-2.1082,0.5128,0.225,27.9,-46.75,0,0.0,0,1,0,30.1089,27.9,1,19.7004,19.9497,idle,-2.1082,0.5128,-2.1082,0.5127,0.5128,0.4,
273106,RUNNING,-2.1073,-0.8236,2.1375,17.1062,479.39,0,0.0,13,1,0,17.1062,17.1062,0,21.1067,19.9497,idle,-2.1082,-0.8239,-2.1067,-0.8234,-0.8236,0.4,
273208,RUNNING,-2.1172,-1.4798,6.975,3.8833,359.39,0,0.0,31,1,0,3.8833,3.8833,0,26.0286,19.9497,idle,-2.1266,-1.4864,-2.1109,-1.4754,-1.4798,0.4,
273309,RUNNING,-2.1105,-1.7992,9.1125,4.3076,-127.89,0,0.0,31,1,0,4.3076,4.3076,0,28.5774,19.9497,idle,-2.1266,-1.8129,-2.0998,-1.79,-1.7992,0.4,
273412,RUNNING,-2.1861,-2.0282,6.75,4.6227,-476.35,0,0.0,32,1,0,4.6227,4.6227,0,26.6438,19.9497,idle,-2.1952,-2.0367,-2.18,-2.0226,-2.0282,0.4,
273514,RUNNING,-3.0141,-2.6074,3.9375,5.2327,123.65,0,0.0,23,1,0,5.2327,5.2327,0,23.3918,19.9497,idle,-3.0184,-2.6111,-3.0113,-2.6049,-2.6074,0.4,
273615,RUNNING,-3.0097,-2.6035,5.625,5.2437,-105.52,0,0.0,124,1,2,5.2437,5.2437,0,25.0618,19.9497,idle,-3.0184,-2.6111,-3.0039,-2.5985,-2.6035,0.4,
273717,RUNNING,-3.0104,-2.6041,5.4,5.2694,0.0,0,0.0,226,1,4,5.2694,5.2694,0,24.7981,19.9497,idle,-3.0184,-2.6111,-3.005,-2.5995,-2.6041,0.4,
273817,RUNNING,-3.0104,-2.6041,5.4,5.2835,0.0,0,0.0,326,0,7,5.2835,5.2835,0,24.7981,19.9497,idle,-3.0184,-2.6111,-3.005,-2.5995,-2.6041,0.4,
273917,RUNNING,-2.8729,-2.6843,5.625,5.3656,0.0,0,0.0,34,1,0,5.3656,5.3656,0,24.886,19.9497,idle,-2.8812,-2.6921,-2.8673,-2.6792,-2.6843,0.4,
274018,RUNNING,0.1187,-1.4546,3.6,4.0239,-120.0,0,0.0,53,1,1,4.0239,4.0239,0,23.3918,19.9497,idle,0.1188,-1.4564,0.1186,-1.4535,-1.4546,0.4,
274119,RUNNING,0.6855,-0.423,2.7,2.8554,0.0,0,0.0,32,1,0,2.8554,2.8554,0,22.425,19.9497,idle,0.686,-0.4233,0.6852,-0.4228,-0.423,0.4,
274220,RUNNING,0.8228,0.1979,2.25,2.1554,0.0,0,0.0,31,1,0,2.1554,2.1554,0,21.8977,19.9497,idle,0.8232,0.198,0.8226,0.1978,0.1979,0.4,
274320,RUNNING,2.538,1.2113,0.9,1.0058,-199.42,0,0.0,32,1,0,1.0058,1.0058,0,20.6672,19.9497,idle,2.5382,1.2114,2.5379,1.2113,1.2113,0.4,
274420,RUNNING,2.6409,1.854,-0.9,0.2794,-79.42,0,0.0,32,1,0,0.2794,0.2794,0,18.8215,19.9497,idle,2.6411,1.8541,2.6408,1.8539,1.854,0.4,
